AvgCyclomatic,AvgCyclomaticModified,AvgCyclomaticStrict,AvgEssential,AvgLine,AvgLineBlank,AvgLineCode,AvgLineComment,CountClassBase,CountClassCoupled,CountClassCoupledModified,CountClassDerived,CountDeclClass,CountDeclClassMethod,CountDeclClassVariable,CountDeclExecutableUnit,CountDeclFile,CountDeclFunction,CountDeclInstanceMethod,CountDeclInstanceVariable,CountDeclMethod,CountDeclMethodAll,CountDeclMethodDefault,CountDeclMethodPrivate,CountDeclMethodProtected,CountDeclMethodPublic,CountInput,CountLine,CountLineBlank,CountLineCode,CountLineCodeDecl,CountLineCodeExe,CountLineComment,CountOutput,CountPath,CountPathLog,CountSemicolon,CountStmt,CountStmtDecl,CountStmtExe,Cyclomatic,CyclomaticModified,CyclomaticStrict,Essential,Knots,MaxCyclomatic,MaxCyclomaticModified,MaxCyclomaticStrict,MaxEssential,MaxEssentialKnots,MaxInheritanceTree,MaxNesting,MinEssentialKnots,PercentLackOfCohesion,PercentLackOfCohesionModified,RatioCommentToCode,SumCyclomatic,SumCyclomaticModified,SumCyclomaticStrict,SumEssential,level,numberJavaFiles,packages,commitSha,commitDate,Buse Readability
,,,,,,,,,,,,,,,,,,,,,,,,,,0.5,3.0,0.0,3.0,1.0,1.0,0.0,1.0,1.0,0.0,1.0,2.0,1.0,1.0,1.0,1.0,1.0,1.0,0.0,,,,,0.0,,0.0,0.0,,,0.0,1.0,1.0,1.0,1.0,method,,,febb3110a3627c7b42343f3bd98b139be116fa16,2013-10-28 22:22:38-05:00,0.2389574646949768
1.0,1.0,1.0,1.0,3.0,0.0,3.0,0.0,1.0,3.0,1.5,0.0,,0.5,0.0,,,,0.5,0.0,1.0,14.0,0.0,0.0,0.0,1.0,,6.5,1.0,5.5,2.5,1.0,0.0,,,,1.0,3.0,2.0,1.0,,,,,,1.0,1.0,1.0,1.0,,1.0,0.0,,0.0,0.0,0.0,1.0,1.0,1.0,1.0,class,,,febb3110a3627c7b42343f3bd98b139be116fa16,2013-10-28 22:22:38-05:00,0.2389574646949768
,,,,,,,,,,,,2.0,,,,,,,,,,,,,,,,,,,,,,,,,,,,,,,,,,,,,,,,,,,,,,,,project,2.0,1.0,febb3110a3627c7b42343f3bd98b139be116fa16,2013-10-28 22:22:38-05:00,0.2389574646949768
,,,,,,,,,,,,,,,,,,,,,,,,,,0.5,3.0,0.0,3.0,1.0,1.0,0.0,1.0,1.0,0.0,1.0,2.0,1.0,1.0,1.0,1.0,1.0,1.0,0.0,,,,,0.0,,0.0,0.0,,,0.0,1.0,1.0,1.0,1.0,method,,,f0ded7829919ba461310d5e8a381485b6c7bfbb0,2013-11-25 14:08:01-06:00,0.2389574646949768
1.0,1.0,1.0,1.0,3.0,0.0,3.0,0.0,1.0,3.0,1.5,0.0,,0.5,0.0,,,,0.5,0.0,1.0,14.0,0.0,0.0,0.0,1.0,,6.5,1.0,5.5,2.5,1.0,0.0,,,,1.0,3.0,2.0,1.0,,,,,,1.0,1.0,1.0,1.0,,1.0,0.0,,0.0,0.0,0.0,1.0,1.0,1.0,1.0,class,,,f0ded7829919ba461310d5e8a381485b6c7bfbb0,2013-11-25 14:08:01-06:00,0.2389574646949768
,,,,,,,,,,,,2.0,,,,,,,,,,,,,,,,,,,,,,,,,,,,,,,,,,,,,,,,,,,,,,,,project,2.0,1.0,f0ded7829919ba461310d5e8a381485b6c7bfbb0,2013-11-25 14:08:01-06:00,0.2389574646949768
,,,,,,,,,,,,,,,,,,,,,,,,,,0.5,3.0,0.0,3.0,1.0,1.0,0.0,1.0,1.0,0.0,1.0,2.0,1.0,1.0,1.0,1.0,1.0,1.0,0.0,,,,,0.0,,0.0,0.0,,,0.0,1.0,1.0,1.0,1.0,method,,,86f7c77a41ccbd879b75c9e488debf47f579c8fd,2014-01-15 10:43:00-06:00,0.2389574646949768
1.0,1.0,1.0,1.0,3.0,0.0,3.0,0.0,1.0,3.0,1.5,0.0,,0.5,0.0,,,,0.5,0.0,1.0,14.0,0.0,0.0,0.0,1.0,,6.5,1.0,5.5,2.5,1.0,0.0,,,,1.0,3.0,2.0,1.0,,,,,,1.0,1.0,1.0,1.0,,1.0,0.0,,0.0,0.0,0.0,1.0,1.0,1.0,1.0,class,,,86f7c77a41ccbd879b75c9e488debf47f579c8fd,2014-01-15 10:43:00-06:00,0.2389574646949768
,,,,,,,,,,,,2.0,,,,,,,,,,,,,,,,,,,,,,,,,,,,,,,,,,,,,,,,,,,,,,,,project,2.0,1.0,86f7c77a41ccbd879b75c9e488debf47f579c8fd,2014-01-15 10:43:00-06:00,0.2389574646949768
,,,,,,,,,,,,,,,,,,,,,,,,,,0.5,3.0,0.0,3.0,1.0,1.0,0.0,1.0,1.0,0.0,1.0,2.0,1.0,1.0,1.0,1.0,1.0,1.0,0.0,,,,,0.0,,0.0,0.0,,,0.0,1.0,1.0,1.0,1.0,method,,,6a95e9d59e1227131a5b9feb71f7a7dd10f9b999,2014-01-16 14:35:59-06:00,0.2389574646949768
1.0,1.0,1.0,1.0,3.0,0.0,3.0,0.0,1.0,3.0,1.5,0.0,,0.5,0.0,,,,0.5,0.0,1.0,14.0,0.0,0.0,0.0,1.0,,6.5,1.0,5.5,2.5,1.0,0.0,,,,1.0,3.0,2.0,1.0,,,,,,1.0,1.0,1.0,1.0,,1.0,0.0,,0.0,0.0,0.0,1.0,1.0,1.0,1.0,class,,,6a95e9d59e1227131a5b9feb71f7a7dd10f9b999,2014-01-16 14:35:59-06:00,0.2389574646949768
,,,,,,,,,,,,2.0,,,,,,,,,,,,,,,,,,,,,,,,,,,,,,,,,,,,,,,,,,,,,,,,project,2.0,1.0,6a95e9d59e1227131a5b9feb71f7a7dd10f9b999,2014-01-16 14:35:59-06:00,0.2389574646949768
,,,,,,,,,,,,,,,,,,,,,,,,,,0.5,3.0,0.0,3.0,1.0,1.0,0.0,1.0,1.0,0.0,1.0,2.0,1.0,1.0,1.0,1.0,1.0,1.0,0.0,,,,,0.0,,0.0,0.0,,,0.0,1.0,1.0,1.0,1.0,method,,,c08465780aaa68135629e7e73a6172d4c02ed66a,2014-01-22 12:20:59-06:00,0.2389574646949768
1.0,1.0,1.0,1.0,3.0,0.0,3.0,0.0,1.0,3.0,1.5,0.0,,0.5,0.0,,,,0.5,0.0,1.0,14.0,0.0,0.0,0.0,1.0,,6.5,1.0,5.5,2.5,1.0,0.0,,,,1.0,3.0,2.0,1.0,,,,,,1.0,1.0,1.0,1.0,,1.0,0.0,,0.0,0.0,0.0,1.0,1.0,1.0,1.0,class,,,c08465780aaa68135629e7e73a6172d4c02ed66a,2014-01-22 12:20:59-06:00,0.2389574646949768
,,,,,,,,,,,,2.0,,,,,,,,,,,,,,,,,,,,,,,,,,,,,,,,,,,,,,,,,,,,,,,,project,2.0,1.0,c08465780aaa68135629e7e73a6172d4c02ed66a,2014-01-22 12:20:59-06:00,0.2389574646949768
,,,,,,,,,,,,,,,,,,,,,,,,,,0.5,3.0,0.0,3.0,1.0,1.0,0.0,1.0,1.0,0.0,1.0,2.0,1.0,1.0,1.0,1.0,1.0,1.0,0.0,,,,,0.0,,0.0,0.0,,,0.0,1.0,1.0,1.0,1.0,method,,,f13af5e6c11761daf3940f70e171682714e38e53,2014-02-12 09:17:09-06:00,0.2389574646949768
1.0,1.0,1.0,1.0,3.0,0.0,3.0,0.0,1.0,3.0,1.5,0.0,,0.5,0.0,,,,0.5,0.0,1.0,14.0,0.0,0.0,0.0,1.0,,6.5,1.0,5.5,2.5,1.0,0.0,,,,1.0,3.0,2.0,1.0,,,,,,1.0,1.0,1.0,1.0,,1.0,0.0,,0.0,0.0,0.0,1.0,1.0,1.0,1.0,class,,,f13af5e6c11761daf3940f70e171682714e38e53,2014-02-12 09:17:09-06:00,0.2389574646949768
,,,,,,,,,,,,2.0,,,,,,,,,,,,,,,,,,,,,,,,,,,,,,,,,,,,,,,,,,,,,,,,project,2.0,1.0,f13af5e6c11761daf3940f70e171682714e38e53,2014-02-12 09:17:09-06:00,0.2389574646949768
,,,,,,,,,,,,,,,,,,,,,,,,,,0.5,3.0,0.0,3.0,1.0,1.0,0.0,1.0,1.0,0.0,1.0,2.0,1.0,1.0,1.0,1.0,1.0,1.0,0.0,,,,,0.0,,0.0,0.0,,,0.0,1.0,1.0,1.0,1.0,method,,,bff01b24f02a944c7337290450cc2a9f0468d445,2014-02-13 12:37:56-06:00,0.2389574646949768
1.0,1.0,1.0,1.0,3.0,0.0,3.0,0.0,1.0,3.0,1.5,0.0,,0.5,0.0,,,,0.5,0.0,1.0,14.0,0.0,0.0,0.0,1.0,,6.5,1.0,5.5,2.5,1.0,0.0,,,,1.0,3.0,2.0,1.0,,,,,,1.0,1.0,1.0,1.0,,1.0,0.0,,0.0,0.0,0.0,1.0,1.0,1.0,1.0,class,,,bff01b24f02a944c7337290450cc2a9f0468d445,2014-02-13 12:37:56-06:00,0.2389574646949768
,,,,,,,,,,,,2.0,,,,,,,,,,,,,,,,,,,,,,,,,,,,,,,,,,,,,,,,,,,,,,,,project,2.0,1.0,bff01b24f02a944c7337290450cc2a9f0468d445,2014-02-13 12:37:56-06:00,0.2389574646949768
,,,,,,,,,,,,,,,,,,,,,,,,,,0.5,3.0,0.0,3.0,1.0,1.0,0.0,1.0,1.0,0.0,1.0,2.0,1.0,1.0,1.0,1.0,1.0,1.0,0.0,,,,,0.0,,0.0,0.0,,,0.0,1.0,1.0,1.0,1.0,method,,,e87d20ee0fabf23520d256a859b95844b9491489,2014-02-14 11:23:16-06:00,0.2389574646949768
1.0,1.0,1.0,1.0,3.0,0.0,3.0,0.0,1.0,3.0,1.5,0.0,,0.5,0.0,,,,0.5,0.0,1.0,14.0,0.0,0.0,0.0,1.0,,6.5,1.0,5.5,2.5,1.0,0.0,,,,1.0,3.0,2.0,1.0,,,,,,1.0,1.0,1.0,1.0,,1.0,0.0,,0.0,0.0,0.0,1.0,1.0,1.0,1.0,class,,,e87d20ee0fabf23520d256a859b95844b9491489,2014-02-14 11:23:16-06:00,0.2389574646949768
,,,,,,,,,,,,2.0,,,,,,,,,,,,,,,,,,,,,,,,,,,,,,,,,,,,,,,,,,,,,,,,project,2.0,1.0,e87d20ee0fabf23520d256a859b95844b9491489,2014-02-14 11:23:16-06:00,0.2389574646949768
,,,,,,,,,,,,,,,,,,,,,,,,,,0.5,3.0,0.0,3.0,1.0,1.0,0.0,1.0,1.0,0.0,1.0,2.0,1.0,1.0,1.0,1.0,1.0,1.0,0.0,,,,,0.0,,0.0,0.0,,,0.0,1.0,1.0,1.0,1.0,method,,,18024babd42676b338b7d420e7625071f599e699,2014-02-14 14:53:19-06:00,0.2389574646949768
1.0,1.0,1.0,1.0,3.0,0.0,3.0,0.0,1.0,3.0,1.5,0.0,,0.5,0.0,,,,0.5,0.0,1.0,14.0,0.0,0.0,0.0,1.0,,6.5,1.0,5.5,2.5,1.0,0.0,,,,1.0,3.0,2.0,1.0,,,,,,1.0,1.0,1.0,1.0,,1.0,0.0,,0.0,0.0,0.0,1.0,1.0,1.0,1.0,class,,,18024babd42676b338b7d420e7625071f599e699,2014-02-14 14:53:19-06:00,0.2389574646949768
,,,,,,,,,,,,2.0,,,,,,,,,,,,,,,,,,,,,,,,,,,,,,,,,,,,,,,,,,,,,,,,project,2.0,1.0,18024babd42676b338b7d420e7625071f599e699,2014-02-14 14:53:19-06:00,0.2389574646949768
,,,,,,,,,,,,,,,,,,,,,,,,,,0.5,3.0,0.0,3.0,1.0,1.0,0.0,1.0,1.0,0.0,1.0,2.0,1.0,1.0,1.0,1.0,1.0,1.0,0.0,,,,,0.0,,0.0,0.0,,,0.0,1.0,1.0,1.0,1.0,method,,,842b7680631b2f41876678dad2c5b9fc3c477c91,2014-02-14 15:05:54-06:00,0.2389574646949768
1.0,1.0,1.0,1.0,3.0,0.0,3.0,0.0,1.0,3.0,1.5,0.0,,0.5,0.0,,,,0.5,0.0,1.0,14.0,0.0,0.0,0.0,1.0,,6.5,1.0,5.5,2.5,1.0,0.0,,,,1.0,3.0,2.0,1.0,,,,,,1.0,1.0,1.0,1.0,,1.0,0.0,,0.0,0.0,0.0,1.0,1.0,1.0,1.0,class,,,842b7680631b2f41876678dad2c5b9fc3c477c91,2014-02-14 15:05:54-06:00,0.2389574646949768
,,,,,,,,,,,,2.0,,,,,,,,,,,,,,,,,,,,,,,,,,,,,,,,,,,,,,,,,,,,,,,,project,2.0,1.0,842b7680631b2f41876678dad2c5b9fc3c477c91,2014-02-14 15:05:54-06:00,0.2389574646949768
,,,,,,,,,,,,,,,,,,,,,,,,,,0.5,3.0,0.0,3.0,1.0,1.0,0.0,1.0,1.0,0.0,1.0,2.0,1.0,1.0,1.0,1.0,1.0,1.0,0.0,,,,,0.0,,0.0,0.0,,,0.0,1.0,1.0,1.0,1.0,method,,,687f8a6d3db1956ed5bbbaaedbd1fffb72f181cf,2014-02-17 15:50:38-06:00,0.2389574646949768
1.0,1.0,1.0,1.0,3.0,0.0,3.0,0.0,1.0,3.0,1.5,0.0,,0.5,0.0,,,,0.5,0.0,1.0,14.0,0.0,0.0,0.0,1.0,,6.5,1.0,5.5,2.5,1.0,0.0,,,,1.0,3.0,2.0,1.0,,,,,,1.0,1.0,1.0,1.0,,1.0,0.0,,0.0,0.0,0.0,1.0,1.0,1.0,1.0,class,,,687f8a6d3db1956ed5bbbaaedbd1fffb72f181cf,2014-02-17 15:50:38-06:00,0.2389574646949768
,,,,,,,,,,,,2.0,,,,,,,,,,,,,,,,,,,,,,,,,,,,,,,,,,,,,,,,,,,,,,,,project,2.0,1.0,687f8a6d3db1956ed5bbbaaedbd1fffb72f181cf,2014-02-17 15:50:38-06:00,0.2389574646949768
,,,,,,,,,,,,,,,,,,,,,,,,,,0.5,3.0,0.0,3.0,1.0,1.0,0.0,1.0,1.0,0.0,1.0,2.0,1.0,1.0,1.0,1.0,1.0,1.0,0.0,,,,,0.0,,0.0,0.0,,,0.0,1.0,1.0,1.0,1.0,method,,,a20b8d4ce7629f3224342b175549cab0adcd9bb2,2014-02-18 16:29:17-06:00,0.2389574646949768
1.0,1.0,1.0,1.0,3.0,0.0,3.0,0.0,1.0,3.0,1.5,0.0,,0.5,0.0,,,,0.5,0.0,1.0,14.0,0.0,0.0,0.0,1.0,,6.5,1.0,5.5,2.5,1.0,0.0,,,,1.0,3.0,2.0,1.0,,,,,,1.0,1.0,1.0,1.0,,1.0,0.0,,0.0,0.0,0.0,1.0,1.0,1.0,1.0,class,,,a20b8d4ce7629f3224342b175549cab0adcd9bb2,2014-02-18 16:29:17-06:00,0.2389574646949768
,,,,,,,,,,,,2.0,,,,,,,,,,,,,,,,,,,,,,,,,,,,,,,,,,,,,,,,,,,,,,,,project,2.0,1.0,a20b8d4ce7629f3224342b175549cab0adcd9bb2,2014-02-18 16:29:17-06:00,0.2389574646949768
,,,,,,,,,,,,,,,,,,,,,,,,,,0.5,3.0,0.0,3.0,1.0,1.0,0.0,1.0,1.0,0.0,1.0,2.0,1.0,1.0,1.0,1.0,1.0,1.0,0.0,,,,,0.0,,0.0,0.0,,,0.0,1.0,1.0,1.0,1.0,method,,,d508a9fb65b113c25b8b78bf42b3bb4ceb162022,2014-02-19 09:27:20-06:00,0.2389574646949768
1.0,1.0,1.0,1.0,3.0,0.0,3.0,0.0,1.0,3.0,1.5,0.0,,0.5,0.0,,,,0.5,0.0,1.0,14.0,0.0,0.0,0.0,1.0,,6.5,1.0,5.5,2.5,1.0,0.0,,,,1.0,3.0,2.0,1.0,,,,,,1.0,1.0,1.0,1.0,,1.0,0.0,,0.0,0.0,0.0,1.0,1.0,1.0,1.0,class,,,d508a9fb65b113c25b8b78bf42b3bb4ceb162022,2014-02-19 09:27:20-06:00,0.2389574646949768
,,,,,,,,,,,,2.0,,,,,,,,,,,,,,,,,,,,,,,,,,,,,,,,,,,,,,,,,,,,,,,,project,2.0,1.0,d508a9fb65b113c25b8b78bf42b3bb4ceb162022,2014-02-19 09:27:20-06:00,0.2389574646949768
,,,,,,,,,,,,,,,,,,,,,,,,,,0.5,3.0,0.0,3.0,1.0,1.0,0.0,1.0,1.0,0.0,1.0,2.0,1.0,1.0,1.0,1.0,1.0,1.0,0.0,,,,,0.0,,0.0,0.0,,,0.0,1.0,1.0,1.0,1.0,method,,,17adf3050e0db5f79f65cf163136b695b72990fe,2014-02-19 09:49:15-06:00,0.2389574646949768
1.0,1.0,1.0,1.0,3.0,0.0,3.0,0.0,1.0,3.0,1.5,0.0,,0.5,0.0,,,,0.5,0.0,1.0,14.0,0.0,0.0,0.0,1.0,,6.5,1.0,5.5,2.5,1.0,0.0,,,,1.0,3.0,2.0,1.0,,,,,,1.0,1.0,1.0,1.0,,1.0,0.0,,0.0,0.0,0.0,1.0,1.0,1.0,1.0,class,,,17adf3050e0db5f79f65cf163136b695b72990fe,2014-02-19 09:49:15-06:00,0.2389574646949768
,,,,,,,,,,,,2.0,,,,,,,,,,,,,,,,,,,,,,,,,,,,,,,,,,,,,,,,,,,,,,,,project,2.0,1.0,17adf3050e0db5f79f65cf163136b695b72990fe,2014-02-19 09:49:15-06:00,0.2389574646949768
,,,,,,,,,,,,,,,,,,,,,,,,,,0.5,3.0,0.0,3.0,1.0,1.0,0.0,1.0,1.0,0.0,1.0,2.0,1.0,1.0,1.0,1.0,1.0,1.0,0.0,,,,,0.0,,0.0,0.0,,,0.0,1.0,1.0,1.0,1.0,method,,,7165587df387bc6b1bd5deb636778854138d12fb,2014-03-04 15:08:34-05:00,0.2389574646949768
1.0,1.0,1.0,1.0,3.0,0.0,3.0,0.0,1.0,3.0,1.5,0.0,,0.5,0.0,,,,0.5,0.0,1.0,14.0,0.0,0.0,0.0,1.0,,6.5,1.0,5.5,2.5,1.0,0.0,,,,1.0,3.0,2.0,1.0,,,,,,1.0,1.0,1.0,1.0,,1.0,0.0,,0.0,0.0,0.0,1.0,1.0,1.0,1.0,class,,,7165587df387bc6b1bd5deb636778854138d12fb,2014-03-04 15:08:34-05:00,0.2389574646949768
,,,,,,,,,,,,2.0,,,,,,,,,,,,,,,,,,,,,,,,,,,,,,,,,,,,,,,,,,,,,,,,project,2.0,1.0,7165587df387bc6b1bd5deb636778854138d12fb,2014-03-04 15:08:34-05:00,0.2389574646949768
,,,,,,,,,,,,,,,,,,,,,,,,,,0.5,3.0,0.0,3.0,1.0,1.0,0.0,1.0,1.0,0.0,1.0,2.0,1.0,1.0,1.0,1.0,1.0,1.0,0.0,,,,,0.0,,0.0,0.0,,,0.0,1.0,1.0,1.0,1.0,method,,,777511d1b47ffb6cd3b9a418f878b56e44350d27,2014-03-22 07:17:24-05:00,0.2389574646949768
1.0,1.0,1.0,1.0,3.0,0.0,3.0,0.0,1.0,3.0,1.5,0.0,,0.5,0.0,,,,0.5,0.0,1.0,14.0,0.0,0.0,0.0,1.0,,6.5,1.0,5.5,2.5,1.0,0.0,,,,1.0,3.0,2.0,1.0,,,,,,1.0,1.0,1.0,1.0,,1.0,0.0,,0.0,0.0,0.0,1.0,1.0,1.0,1.0,class,,,777511d1b47ffb6cd3b9a418f878b56e44350d27,2014-03-22 07:17:24-05:00,0.2389574646949768
,,,,,,,,,,,,2.0,,,,,,,,,,,,,,,,,,,,,,,,,,,,,,,,,,,,,,,,,,,,,,,,project,2.0,1.0,777511d1b47ffb6cd3b9a418f878b56e44350d27,2014-03-22 07:17:24-05:00,0.2389574646949768
,,,,,,,,,,,,,,,,,,,,,,,,,,0.5,3.0,0.0,3.0,1.0,1.0,0.0,1.0,1.0,0.0,1.0,2.0,1.0,1.0,1.0,1.0,1.0,1.0,0.0,,,,,0.0,,0.0,0.0,,,0.0,1.0,1.0,1.0,1.0,method,,,5d45dd7ba88adf3a29bd9d8f0c02cb04026bc1a4,2014-04-01 15:10:36-05:00,0.2389574646949768
1.0,1.0,1.0,1.0,3.0,0.0,3.0,0.0,1.0,3.0,1.5,0.0,,0.5,0.0,,,,0.5,0.0,1.0,14.0,0.0,0.0,0.0,1.0,,6.5,1.0,5.5,2.5,1.0,0.0,,,,1.0,3.0,2.0,1.0,,,,,,1.0,1.0,1.0,1.0,,1.0,0.0,,0.0,0.0,0.0,1.0,1.0,1.0,1.0,class,,,5d45dd7ba88adf3a29bd9d8f0c02cb04026bc1a4,2014-04-01 15:10:36-05:00,0.2389574646949768
,,,,,,,,,,,,2.0,,,,,,,,,,,,,,,,,,,,,,,,,,,,,,,,,,,,,,,,,,,,,,,,project,2.0,1.0,5d45dd7ba88adf3a29bd9d8f0c02cb04026bc1a4,2014-04-01 15:10:36-05:00,0.2389574646949768
,,,,,,,,,,,,,,,,,,,,,,,,,,0.5,3.0,0.0,3.0,1.0,1.0,0.0,1.0,1.0,0.0,1.0,2.0,1.0,1.0,1.0,1.0,1.0,1.0,0.0,,,,,0.0,,0.0,0.0,,,0.0,1.0,1.0,1.0,1.0,method,,,abe07b23f9f20e508e1ba85c0b053eb670b4c6a6,2014-04-07 10:08:59-05:00,0.2389574646949768
1.0,1.0,1.0,1.0,3.0,0.0,3.0,0.0,1.0,3.0,1.5,0.0,,0.5,0.0,,,,0.5,0.0,1.0,14.0,0.0,0.0,0.0,1.0,,6.5,1.0,5.5,2.5,1.0,0.0,,,,1.0,3.0,2.0,1.0,,,,,,1.0,1.0,1.0,1.0,,1.0,0.0,,0.0,0.0,0.0,1.0,1.0,1.0,1.0,class,,,abe07b23f9f20e508e1ba85c0b053eb670b4c6a6,2014-04-07 10:08:59-05:00,0.2389574646949768
,,,,,,,,,,,,2.0,,,,,,,,,,,,,,,,,,,,,,,,,,,,,,,,,,,,,,,,,,,,,,,,project,2.0,1.0,abe07b23f9f20e508e1ba85c0b053eb670b4c6a6,2014-04-07 10:08:59-05:00,0.2389574646949768
,,,,,,,,,,,,,,,,,,,,,,,,,,0.5,3.0,0.0,3.0,1.0,1.0,0.0,1.0,1.0,0.0,1.0,2.0,1.0,1.0,1.0,1.0,1.0,1.0,0.0,,,,,0.0,,0.0,0.0,,,0.0,1.0,1.0,1.0,1.0,method,,,e4fed08e4c83a97f36f348330b8a466f4586da76,2014-04-24 09:36:30-05:00,0.2389574646949768
1.0,1.0,1.0,1.0,3.0,0.0,3.0,0.0,1.0,3.0,1.5,0.0,,0.5,0.0,,,,0.5,0.0,1.0,14.0,0.0,0.0,0.0,1.0,,6.5,1.0,5.5,2.5,1.0,0.0,,,,1.0,3.0,2.0,1.0,,,,,,1.0,1.0,1.0,1.0,,1.0,0.0,,0.0,0.0,0.0,1.0,1.0,1.0,1.0,class,,,e4fed08e4c83a97f36f348330b8a466f4586da76,2014-04-24 09:36:30-05:00,0.2389574646949768
,,,,,,,,,,,,2.0,,,,,,,,,,,,,,,,,,,,,,,,,,,,,,,,,,,,,,,,,,,,,,,,project,2.0,1.0,e4fed08e4c83a97f36f348330b8a466f4586da76,2014-04-24 09:36:30-05:00,0.2389574646949768
,,,,,,,,,,,,,,,,,,,,,,,,,,0.5,3.0,0.0,3.0,1.0,1.0,0.0,1.0,1.0,0.0,1.0,2.0,1.0,1.0,1.0,1.0,1.0,1.0,0.0,,,,,0.0,,0.0,0.0,,,0.0,1.0,1.0,1.0,1.0,method,,,d24c9ad2f6f35624efbc1b4126b69cae5302f359,2014-05-05 10:13:45-04:00,0.2389574646949768
1.0,1.0,1.0,1.0,3.0,0.0,3.0,0.0,1.0,3.0,1.5,0.0,,0.5,0.0,,,,0.5,0.0,1.0,14.0,0.0,0.0,0.0,1.0,,6.5,1.0,5.5,2.5,1.0,0.0,,,,1.0,3.0,2.0,1.0,,,,,,1.0,1.0,1.0,1.0,,1.0,0.0,,0.0,0.0,0.0,1.0,1.0,1.0,1.0,class,,,d24c9ad2f6f35624efbc1b4126b69cae5302f359,2014-05-05 10:13:45-04:00,0.2389574646949768
,,,,,,,,,,,,2.0,,,,,,,,,,,,,,,,,,,,,,,,,,,,,,,,,,,,,,,,,,,,,,,,project,2.0,1.0,d24c9ad2f6f35624efbc1b4126b69cae5302f359,2014-05-05 10:13:45-04:00,0.2389574646949768
,,,,,,,,,,,,,,,,,,,,,,,,,,1.5,8.75,1.375,7.375,2.0,5.125,0.25,3.0,1.25,0.0,4.875,6.25,2.125,5.0,1.25,1.25,1.25,1.0,0.0,,,,,0.0,,0.25,0.0,,,0.03375,1.25,1.25,1.25,1.0,method,,,9d5e4a10623d19daa723c4681a03fdaf2df6c2a1,2014-05-05 23:08:32+02:00,0.041886228311341256
1.25,1.25,1.25,1.0,7.75,1.0,6.75,0.0,1.0,7.0,5.25,0.0,,0.25,0.5,,,,2.0,0.25,2.25,15.25,0.0,0.0,0.0,2.25,,25.25,5.0,20.25,8.0,11.0,0.75,,,,10.75,14.75,6.25,10.5,,,,,,1.5,1.5,1.5,1.0,,1.0,0.5,,0.0,0.0,0.035,2.75,2.75,2.75,2.25,class,,,9d5e4a10623d19daa723c4681a03fdaf2df6c2a1,2014-05-05 23:08:32+02:00,0.041886228311341256
,,,,,,,,,,,,4.0,,,,,,,,,,,,,,,,,,,,,,,,,,,,,,,,,,,,,,,,,,,,,,,,project,4.0,1.0,9d5e4a10623d19daa723c4681a03fdaf2df6c2a1,2014-05-05 23:08:32+02:00,0.041886228311341256
,,,,,,,,,,,,,,,,,,,,,,,,,,1.5,8.375,1.25,7.125,1.875,4.875,0.25,2.875,1.25,0.0,4.625,6.0,2.0,4.75,1.25,1.25,1.25,1.0,0.0,,,,,0.0,,0.25,0.0,,,0.04125,1.25,1.25,1.25,1.0,method,,,e5cd32ab6c9b7f794066afe74ed2df55eb6740e9,2014-05-05 23:40:39+02:00,0.041886228311341256
1.25,1.25,1.25,1.0,7.75,1.0,6.5,0.0,1.0,6.75,5.0,0.0,,0.25,0.5,,,,2.0,0.25,2.25,15.25,0.0,0.0,0.0,2.25,,24.5,4.75,19.75,7.75,10.5,0.75,,,,10.25,14.25,6.0,10.0,,,,,,1.5,1.5,1.5,1.0,,1.0,0.5,,0.0,0.0,0.0375,2.75,2.75,2.75,2.25,class,,,e5cd32ab6c9b7f794066afe74ed2df55eb6740e9,2014-05-05 23:40:39+02:00,0.041886228311341256
,,,,,,,,,,,,4.0,,,,,,,,,,,,,,,,,,,,,,,,,,,,,,,,,,,,,,,,,,,,,,,,project,4.0,1.0,e5cd32ab6c9b7f794066afe74ed2df55eb6740e9,2014-05-05 23:40:39+02:00,0.041886228311341256
,,,,,,,,,,,,,,,,,,,,,,,,,,1.5,8.375,1.25,7.125,1.875,4.875,0.25,2.875,1.25,0.0,4.625,6.0,2.0,4.75,1.25,1.25,1.25,1.0,0.0,,,,,0.0,,0.25,0.0,,,0.04125,1.25,1.25,1.25,1.0,method,,,d6d3aed5978a46f0a1c5b1ace1580fd6d13b37cd,2014-05-05 23:42:45+02:00,0.041886228311341256
1.25,1.25,1.25,1.0,7.75,1.0,6.5,0.0,1.0,6.75,5.0,0.0,,0.25,0.5,,,,2.0,0.25,2.25,15.25,0.0,0.0,0.0,2.25,,24.5,4.75,19.75,7.75,10.5,0.75,,,,10.25,14.25,6.0,10.0,,,,,,1.5,1.5,1.5,1.0,,1.0,0.5,,0.0,0.0,0.0375,2.75,2.75,2.75,2.25,class,,,d6d3aed5978a46f0a1c5b1ace1580fd6d13b37cd,2014-05-05 23:42:45+02:00,0.041886228311341256
,,,,,,,,,,,,4.0,,,,,,,,,,,,,,,,,,,,,,,,,,,,,,,,,,,,,,,,,,,,,,,,project,4.0,1.0,d6d3aed5978a46f0a1c5b1ace1580fd6d13b37cd,2014-05-05 23:42:45+02:00,0.041886228311341256
,,,,,,,,,,,,,,,,,,,,,,,,,,1.5,8.375,1.25,7.125,1.875,4.875,0.25,2.875,1.25,0.0,4.625,6.0,2.0,4.75,1.25,1.25,1.25,1.0,0.0,,,,,0.0,,0.25,0.0,,,0.04125,1.25,1.25,1.25,1.0,method,,,876e93655981caf886558203dd60604e32c1310a,2014-05-05 23:46:23+02:00,0.04188808584876824
1.25,1.25,1.25,1.0,7.75,1.0,6.5,0.0,1.0,6.75,5.0,0.0,,0.25,0.5,,,,2.0,0.25,2.25,15.25,0.0,0.0,0.0,2.25,,24.5,4.75,19.75,7.75,10.5,0.75,,,,10.25,14.25,6.0,10.0,,,,,,1.5,1.5,1.5,1.0,,1.0,0.5,,0.0,0.0,0.0375,2.75,2.75,2.75,2.25,class,,,876e93655981caf886558203dd60604e32c1310a,2014-05-05 23:46:23+02:00,0.04188808584876824
,,,,,,,,,,,,4.0,,,,,,,,,,,,,,,,,,,,,,,,,,,,,,,,,,,,,,,,,,,,,,,,project,4.0,1.0,876e93655981caf886558203dd60604e32c1310a,2014-05-05 23:46:23+02:00,0.04188808584876824
,,,,,,,,,,,,,,,,,,,,,,,,,,1.5,8.375,1.25,7.125,1.875,4.875,0.25,2.875,1.25,0.0,4.625,6.0,2.0,4.75,1.25,1.25,1.25,1.0,0.0,,,,,0.0,,0.25,0.0,,,0.04125,1.25,1.25,1.25,1.0,method,,,db0486ce34484faa8d770b4d26ca0afb5189e094,2014-05-05 23:57:20+02:00,0.04188808584876824
1.25,1.25,1.25,1.0,7.75,1.0,6.5,0.0,1.0,6.75,5.0,0.0,,0.25,0.5,,,,2.0,0.25,2.25,15.25,0.0,0.0,0.0,2.25,,24.5,4.75,19.75,7.75,10.5,0.75,,,,10.25,14.25,6.0,10.0,,,,,,1.5,1.5,1.5,1.0,,1.0,0.5,,0.0,0.0,0.0375,2.75,2.75,2.75,2.25,class,,,db0486ce34484faa8d770b4d26ca0afb5189e094,2014-05-05 23:57:20+02:00,0.04188808584876824
,,,,,,,,,,,,4.0,,,,,,,,,,,,,,,,,,,,,,,,,,,,,,,,,,,,,,,,,,,,,,,,project,4.0,1.0,db0486ce34484faa8d770b4d26ca0afb5189e094,2014-05-05 23:57:20+02:00,0.04188808584876824
,,,,,,,,,,,,,,,,,,,,,,,,,,1.5,8.375,1.25,7.125,1.875,4.875,0.25,2.875,1.25,0.0,4.625,6.0,2.0,4.75,1.25,1.25,1.25,1.0,0.0,,,,,0.0,,0.25,0.0,,,0.04125,1.25,1.25,1.25,1.0,method,,,7a36a029d3e24e041f41950190a5bc876477dee8,2014-05-06 00:21:33+02:00,0.04188808584876824
1.25,1.25,1.25,1.0,7.75,1.0,6.5,0.0,1.0,6.75,5.0,0.0,,0.25,0.5,,,,2.0,0.25,2.25,15.25,0.0,0.0,0.0,2.25,,24.5,4.75,19.75,7.75,10.5,0.75,,,,10.25,14.25,6.0,10.0,,,,,,1.5,1.5,1.5,1.0,,1.0,0.5,,0.0,0.0,0.0375,2.75,2.75,2.75,2.25,class,,,7a36a029d3e24e041f41950190a5bc876477dee8,2014-05-06 00:21:33+02:00,0.04188808584876824
,,,,,,,,,,,,4.0,,,,,,,,,,,,,,,,,,,,,,,,,,,,,,,,,,,,,,,,,,,,,,,,project,4.0,1.0,7a36a029d3e24e041f41950190a5bc876477dee8,2014-05-06 00:21:33+02:00,0.04188808584876824
,,,,,,,,,,,,,,,,,,,,,,,,,,1.5,8.375,1.25,7.125,1.875,4.875,0.25,2.875,1.25,0.0,4.625,6.0,2.0,4.75,1.25,1.25,1.25,1.0,0.0,,,,,0.0,,0.25,0.0,,,0.04125,1.25,1.25,1.25,1.0,method,,,f2c3796fb674050475be4bbfc57fc2f5c5aac2f3,2014-05-06 00:28:03+02:00,0.04188808584876824
1.25,1.25,1.25,1.0,7.75,1.0,6.5,0.0,1.0,6.75,5.0,0.0,,0.25,0.5,,,,2.0,0.25,2.25,15.25,0.0,0.0,0.0,2.25,,24.5,4.75,19.75,7.75,10.5,0.75,,,,10.25,14.25,6.0,10.0,,,,,,1.5,1.5,1.5,1.0,,1.0,0.5,,0.0,0.0,0.0375,2.75,2.75,2.75,2.25,class,,,f2c3796fb674050475be4bbfc57fc2f5c5aac2f3,2014-05-06 00:28:03+02:00,0.04188808584876824
,,,,,,,,,,,,4.0,,,,,,,,,,,,,,,,,,,,,,,,,,,,,,,,,,,,,,,,,,,,,,,,project,4.0,1.0,f2c3796fb674050475be4bbfc57fc2f5c5aac2f3,2014-05-06 00:28:03+02:00,0.04188808584876824
,,,,,,,,,,,,,,,,,,,,,,,,,,1.5,8.375,1.25,7.125,1.875,4.875,0.25,2.875,1.25,0.0,4.625,6.0,2.0,4.75,1.25,1.25,1.25,1.0,0.0,,,,,0.0,,0.25,0.0,,,0.04125,1.25,1.25,1.25,1.0,method,,,dd2be504057375d3974362d9774be86ed67f243b,2014-05-06 00:31:28+02:00,0.04188808584876824
1.25,1.25,1.25,1.0,7.75,1.0,6.5,0.0,1.0,6.75,5.0,0.0,,0.25,0.5,,,,2.0,0.25,2.25,15.25,0.0,0.0,0.0,2.25,,24.5,4.75,19.75,7.75,10.5,0.75,,,,10.25,14.25,6.0,10.0,,,,,,1.5,1.5,1.5,1.0,,1.0,0.5,,0.0,0.0,0.0375,2.75,2.75,2.75,2.25,class,,,dd2be504057375d3974362d9774be86ed67f243b,2014-05-06 00:31:28+02:00,0.04188808584876824
,,,,,,,,,,,,4.0,,,,,,,,,,,,,,,,,,,,,,,,,,,,,,,,,,,,,,,,,,,,,,,,project,4.0,1.0,dd2be504057375d3974362d9774be86ed67f243b,2014-05-06 00:31:28+02:00,0.04188808584876824
,,,,,,,,,,,,,,,,,,,,,,,,,,1.5,8.375,1.25,7.125,1.875,4.875,0.25,2.875,1.25,0.0,4.625,6.0,2.0,4.75,1.25,1.25,1.25,1.0,0.0,,,,,0.0,,0.25,0.0,,,0.04125,1.25,1.25,1.25,1.0,method,,,cb131f61040c1f54d1a63a0803976b6f944ea5dd,2014-05-06 00:38:37+02:00,0.04188808584876824
1.25,1.25,1.25,1.0,7.75,1.0,6.5,0.0,1.0,6.75,5.0,0.0,,0.25,0.5,,,,2.0,0.25,2.25,15.25,0.0,0.0,0.0,2.25,,24.5,4.75,19.75,7.75,10.5,0.75,,,,10.25,14.25,6.0,10.0,,,,,,1.5,1.5,1.5,1.0,,1.0,0.5,,0.0,0.0,0.0375,2.75,2.75,2.75,2.25,class,,,cb131f61040c1f54d1a63a0803976b6f944ea5dd,2014-05-06 00:38:37+02:00,0.04188808584876824
,,,,,,,,,,,,4.0,,,,,,,,,,,,,,,,,,,,,,,,,,,,,,,,,,,,,,,,,,,,,,,,project,4.0,1.0,cb131f61040c1f54d1a63a0803976b6f944ea5dd,2014-05-06 00:38:37+02:00,0.04188808584876824
,,,,,,,,,,,,,,,,,,,,,,,,,,1.5,8.375,1.25,7.125,1.875,4.875,0.25,2.875,1.25,0.0,4.625,6.0,2.0,4.75,1.25,1.25,1.25,1.0,0.0,,,,,0.0,,0.25,0.0,,,0.04125,1.25,1.25,1.25,1.0,method,,,43dbe0717ae0293e471e16a68e1edc08101bf729,2014-05-06 13:44:45+02:00,0.04188757899100892
1.25,1.25,1.25,1.0,7.75,1.0,6.5,0.0,1.0,6.75,5.0,0.0,,0.25,0.5,,,,2.0,0.25,2.25,15.25,0.0,0.0,0.0,2.25,,24.5,4.75,19.75,7.75,10.5,0.75,,,,10.25,14.25,6.0,10.0,,,,,,1.5,1.5,1.5,1.0,,1.0,0.5,,0.0,0.0,0.0375,2.75,2.75,2.75,2.25,class,,,43dbe0717ae0293e471e16a68e1edc08101bf729,2014-05-06 13:44:45+02:00,0.04188757899100892
,,,,,,,,,,,,4.0,,,,,,,,,,,,,,,,,,,,,,,,,,,,,,,,,,,,,,,,,,,,,,,,project,4.0,1.0,43dbe0717ae0293e471e16a68e1edc08101bf729,2014-05-06 13:44:45+02:00,0.04188757899100892
,,,,,,,,,,,,,,,,,,,,,,,,,,1.5,8.375,1.25,7.125,1.875,4.875,0.25,2.875,1.25,0.0,4.625,6.0,2.0,4.75,1.25,1.25,1.25,1.0,0.0,,,,,0.0,,0.25,0.0,,,0.04125,1.25,1.25,1.25,1.0,method,,,9cb39fad448d6da0703b042723791279181f1023,2014-05-06 18:41:28+02:00,0.04188757899100892
1.25,1.25,1.25,1.0,7.75,1.0,6.5,0.0,1.0,6.75,5.0,0.0,,0.25,0.5,,,,2.0,0.25,2.25,15.25,0.0,0.0,0.0,2.25,,24.5,4.75,19.75,7.75,10.5,0.75,,,,10.25,14.25,6.0,10.0,,,,,,1.5,1.5,1.5,1.0,,1.0,0.5,,0.0,0.0,0.0375,2.75,2.75,2.75,2.25,class,,,9cb39fad448d6da0703b042723791279181f1023,2014-05-06 18:41:28+02:00,0.04188757899100892
,,,,,,,,,,,,4.0,,,,,,,,,,,,,,,,,,,,,,,,,,,,,,,,,,,,,,,,,,,,,,,,project,4.0,1.0,9cb39fad448d6da0703b042723791279181f1023,2014-05-06 18:41:28+02:00,0.04188757899100892
,,,,,,,,,,,,,,,,,,,,,,,,,,1.5,8.375,1.25,7.125,1.875,4.875,0.25,2.875,1.25,0.0,4.625,6.0,2.0,4.75,1.25,1.25,1.25,1.0,0.0,,,,,0.0,,0.25,0.0,,,0.04125,1.25,1.25,1.25,1.0,method,,,6c39562e54305748357a16d4d94632e08e1b7114,2014-05-06 21:59:56+02:00,0.04188757899100892
1.25,1.25,1.25,1.0,7.75,1.0,6.5,0.0,1.0,6.75,5.0,0.0,,0.25,0.5,,,,2.0,0.25,2.25,15.25,0.0,0.0,0.0,2.25,,24.5,4.75,19.75,7.75,10.5,0.75,,,,10.25,14.25,6.0,10.0,,,,,,1.5,1.5,1.5,1.0,,1.0,0.5,,0.0,0.0,0.0375,2.75,2.75,2.75,2.25,class,,,6c39562e54305748357a16d4d94632e08e1b7114,2014-05-06 21:59:56+02:00,0.04188757899100892
,,,,,,,,,,,,4.0,,,,,,,,,,,,,,,,,,,,,,,,,,,,,,,,,,,,,,,,,,,,,,,,project,4.0,1.0,6c39562e54305748357a16d4d94632e08e1b7114,2014-05-06 21:59:56+02:00,0.04188757899100892
,,,,,,,,,,,,,,,,,,,,,,,,,,1.5,8.375,1.25,7.125,1.875,4.875,0.25,2.875,1.25,0.0,4.625,6.0,2.0,4.75,1.25,1.25,1.25,1.0,0.0,,,,,0.0,,0.25,0.0,,,0.04125,1.25,1.25,1.25,1.0,method,,,45da8b0b11bf1af0c9bb93d6b36ef9f29b000c94,2014-05-07 10:53:07-04:00,0.04188757899100892
1.25,1.25,1.25,1.0,7.75,1.0,6.5,0.0,1.0,6.75,5.0,0.0,,0.25,0.5,,,,2.0,0.25,2.25,15.25,0.0,0.0,0.0,2.25,,24.5,4.75,19.75,7.75,10.5,0.75,,,,10.25,14.25,6.0,10.0,,,,,,1.5,1.5,1.5,1.0,,1.0,0.5,,0.0,0.0,0.0375,2.75,2.75,2.75,2.25,class,,,45da8b0b11bf1af0c9bb93d6b36ef9f29b000c94,2014-05-07 10:53:07-04:00,0.04188757899100892
,,,,,,,,,,,,4.0,,,,,,,,,,,,,,,,,,,,,,,,,,,,,,,,,,,,,,,,,,,,,,,,project,4.0,1.0,45da8b0b11bf1af0c9bb93d6b36ef9f29b000c94,2014-05-07 10:53:07-04:00,0.04188757899100892
,,,,,,,,,,,,,,,,,,,,,,,,,,1.5,8.375,1.25,7.125,1.875,4.875,0.25,2.875,1.25,0.0,4.625,6.0,2.0,4.75,1.25,1.25,1.25,1.0,0.0,,,,,0.0,,0.25,0.0,,,0.04125,1.25,1.25,1.25,1.0,method,,,f315bff92289c5a4a150abc9ea30e929d3a5d420,2014-05-14 09:50:22-05:00,0.04188757899100892
1.25,1.25,1.25,1.0,7.75,1.0,6.5,0.0,1.0,6.75,5.0,0.0,,0.25,0.5,,,,2.0,0.25,2.25,15.25,0.0,0.0,0.0,2.25,,24.5,4.75,19.75,7.75,10.5,0.75,,,,10.25,14.25,6.0,10.0,,,,,,1.5,1.5,1.5,1.0,,1.0,0.5,,0.0,0.0,0.0375,2.75,2.75,2.75,2.25,class,,,f315bff92289c5a4a150abc9ea30e929d3a5d420,2014-05-14 09:50:22-05:00,0.04188757899100892
,,,,,,,,,,,,4.0,,,,,,,,,,,,,,,,,,,,,,,,,,,,,,,,,,,,,,,,,,,,,,,,project,4.0,1.0,f315bff92289c5a4a150abc9ea30e929d3a5d420,2014-05-14 09:50:22-05:00,0.04188757899100892
,,,,,,,,,,,,,,,,,,,,,,,,,,1.7142857142857142,9.142857142857142,1.4285714285714286,7.714285714285714,2.0,5.428571428571429,0.2857142857142857,3.142857142857143,1.2857142857142858,0.0,5.142857142857143,6.571428571428571,2.142857142857143,5.285714285714286,1.2857142857142858,1.2857142857142858,1.2857142857142858,1.0,0.0,,,,,0.0,,0.2857142857142857,0.0,,,0.0471428571428571,1.2857142857142858,1.2857142857142858,1.2857142857142858,1.0,method,,,e9efbf817023bb858a69cb3d7c9ee2e64320d9cf,2014-06-05 09:41:43-05:00,0.04188757899100892
1.25,1.25,1.25,1.0,7.75,1.0,6.75,0.0,1.0,6.5,4.75,0.0,,0.25,0.5,,,,1.75,0.25,2.0,15.0,0.0,0.0,0.0,2.0,,23.25,4.5,18.75,7.25,10.25,0.75,,,,10.0,13.75,5.75,9.75,,,,,,1.5,1.5,1.5,1.0,,1.25,0.5,,0.0,0.0,0.0425,2.5,2.5,2.5,2.0,class,,,e9efbf817023bb858a69cb3d7c9ee2e64320d9cf,2014-06-05 09:41:43-05:00,0.04188757899100892
,,,,,,,,,,,,4.0,,,,,,,,,,,,,,,,,,,,,,,,,,,,,,,,,,,,,,,,,,,,,,,,project,4.0,1.0,e9efbf817023bb858a69cb3d7c9ee2e64320d9cf,2014-06-05 09:41:43-05:00,0.04188757899100892
,,,,,,,,,,,,,,,,,,,,,,,,,,1.7142857142857142,9.142857142857142,1.4285714285714286,7.714285714285714,2.0,5.428571428571429,0.2857142857142857,3.142857142857143,1.2857142857142858,0.0,5.142857142857143,6.571428571428571,2.142857142857143,5.285714285714286,1.2857142857142858,1.2857142857142858,1.2857142857142858,1.0,0.0,,,,,0.0,,0.2857142857142857,0.0,,,0.0471428571428571,1.2857142857142858,1.2857142857142858,1.2857142857142858,1.0,method,,,62e6cfade9da87be1eedf2c0453c660bfea9ca8c,2014-06-05 09:57:59-05:00,0.042000298541097436
1.25,1.25,1.25,1.0,7.75,1.0,6.75,0.0,1.0,6.5,4.75,0.0,,0.25,0.5,,,,1.75,0.25,2.0,15.0,0.0,0.0,0.0,2.0,,23.5,4.75,18.75,7.25,10.25,0.75,,,,10.0,13.75,5.75,9.75,,,,,,1.5,1.5,1.5,1.0,,1.25,0.5,,0.0,0.0,0.0425,2.5,2.5,2.5,2.0,class,,,62e6cfade9da87be1eedf2c0453c660bfea9ca8c,2014-06-05 09:57:59-05:00,0.042000298541097436
,,,,,,,,,,,,4.0,,,,,,,,,,,,,,,,,,,,,,,,,,,,,,,,,,,,,,,,,,,,,,,,project,4.0,1.0,62e6cfade9da87be1eedf2c0453c660bfea9ca8c,2014-06-05 09:57:59-05:00,0.042000298541097436
,,,,,,,,,,,,,,,,,,,,,,,,,,1.7142857142857142,9.142857142857142,1.4285714285714286,7.714285714285714,2.0,5.428571428571429,0.2857142857142857,3.142857142857143,1.2857142857142858,0.0,5.142857142857143,6.571428571428571,2.142857142857143,5.285714285714286,1.2857142857142858,1.2857142857142858,1.2857142857142858,1.0,0.0,,,,,0.0,,0.2857142857142857,0.0,,,0.0471428571428571,1.2857142857142858,1.2857142857142858,1.2857142857142858,1.0,method,,,a2bfcaf5f334573a37c8d0fa239bd998be610f5e,2014-06-10 19:16:41-05:00,0.042000298541097436
1.25,1.25,1.25,1.0,7.75,1.0,6.75,0.0,1.0,6.5,4.75,0.0,,0.25,0.5,,,,1.75,0.25,2.0,15.0,0.0,0.0,0.0,2.0,,23.5,4.75,18.75,7.25,10.25,0.75,,,,10.0,13.75,5.75,9.75,,,,,,1.5,1.5,1.5,1.0,,1.25,0.5,,0.0,0.0,0.0425,2.5,2.5,2.5,2.0,class,,,a2bfcaf5f334573a37c8d0fa239bd998be610f5e,2014-06-10 19:16:41-05:00,0.042000298541097436
,,,,,,,,,,,,4.0,,,,,,,,,,,,,,,,,,,,,,,,,,,,,,,,,,,,,,,,,,,,,,,,project,4.0,1.0,a2bfcaf5f334573a37c8d0fa239bd998be610f5e,2014-06-10 19:16:41-05:00,0.042000298541097436
,,,,,,,,,,,,,,,,,,,,,,,,,,1.7142857142857142,9.142857142857142,1.4285714285714286,7.714285714285714,2.0,5.428571428571429,0.2857142857142857,3.142857142857143,1.2857142857142858,0.0,5.142857142857143,6.571428571428571,2.142857142857143,5.285714285714286,1.2857142857142858,1.2857142857142858,1.2857142857142858,1.0,0.0,,,,,0.0,,0.2857142857142857,0.0,,,0.0471428571428571,1.2857142857142858,1.2857142857142858,1.2857142857142858,1.0,method,,,b590aaf527348201de26c0832d03bcde3030e905,2014-06-11 09:09:07-05:00,0.042000298541097436
1.25,1.25,1.25,1.0,7.75,1.0,6.75,0.0,1.0,6.5,4.75,0.0,,0.25,0.5,,,,1.75,0.25,2.0,15.0,0.0,0.0,0.0,2.0,,23.5,4.75,18.75,7.25,10.25,0.75,,,,10.0,13.75,5.75,9.75,,,,,,1.5,1.5,1.5,1.0,,1.25,0.5,,0.0,0.0,0.0425,2.5,2.5,2.5,2.0,class,,,b590aaf527348201de26c0832d03bcde3030e905,2014-06-11 09:09:07-05:00,0.042000298541097436
,,,,,,,,,,,,4.0,,,,,,,,,,,,,,,,,,,,,,,,,,,,,,,,,,,,,,,,,,,,,,,,project,4.0,1.0,b590aaf527348201de26c0832d03bcde3030e905,2014-06-11 09:09:07-05:00,0.042000298541097436
,,,,,,,,,,,,,,,,,,,,,,,,,,1.7142857142857142,9.142857142857142,1.4285714285714286,7.714285714285714,2.0,5.428571428571429,0.2857142857142857,3.142857142857143,1.2857142857142858,0.0,5.142857142857143,6.571428571428571,2.142857142857143,5.285714285714286,1.2857142857142858,1.2857142857142858,1.2857142857142858,1.0,0.0,,,,,0.0,,0.2857142857142857,0.0,,,0.0471428571428571,1.2857142857142858,1.2857142857142858,1.2857142857142858,1.0,method,,,8c2b5c51d00ce7ec2b61ac531ed005bbdaba3b4a,2014-06-11 16:48:39-05:00,0.042000298541097436
1.25,1.25,1.25,1.0,7.75,1.0,6.75,0.0,1.0,6.5,4.75,0.0,,0.25,0.5,,,,1.75,0.25,2.0,15.0,0.0,0.0,0.0,2.0,,23.5,4.75,18.75,7.25,10.25,0.75,,,,10.0,13.75,5.75,9.75,,,,,,1.5,1.5,1.5,1.0,,1.25,0.5,,0.0,0.0,0.0425,2.5,2.5,2.5,2.0,class,,,8c2b5c51d00ce7ec2b61ac531ed005bbdaba3b4a,2014-06-11 16:48:39-05:00,0.042000298541097436
,,,,,,,,,,,,4.0,,,,,,,,,,,,,,,,,,,,,,,,,,,,,,,,,,,,,,,,,,,,,,,,project,4.0,1.0,8c2b5c51d00ce7ec2b61ac531ed005bbdaba3b4a,2014-06-11 16:48:39-05:00,0.042000298541097436
,,,,,,,,,,,,,,,,,,,,,,,,,,1.7142857142857142,9.142857142857142,1.4285714285714286,7.714285714285714,2.0,5.428571428571429,0.2857142857142857,3.142857142857143,1.2857142857142858,0.0,5.142857142857143,6.571428571428571,2.142857142857143,5.285714285714286,1.2857142857142858,1.2857142857142858,1.2857142857142858,1.0,0.0,,,,,0.0,,0.2857142857142857,0.0,,,0.0471428571428571,1.2857142857142858,1.2857142857142858,1.2857142857142858,1.0,method,,,5df6c72c3ee374c34c20014e6696444d34c818ab,2014-06-24 19:55:59-04:00,0.042000298541097436
1.25,1.25,1.25,1.0,7.75,1.0,6.75,0.0,1.0,6.5,4.75,0.0,,0.25,0.5,,,,1.75,0.25,2.0,15.0,0.0,0.0,0.0,2.0,,23.5,4.75,18.75,7.25,10.25,0.75,,,,10.0,13.75,5.75,9.75,,,,,,1.5,1.5,1.5,1.0,,1.25,0.5,,0.0,0.0,0.0425,2.5,2.5,2.5,2.0,class,,,5df6c72c3ee374c34c20014e6696444d34c818ab,2014-06-24 19:55:59-04:00,0.042000298541097436
,,,,,,,,,,,,4.0,,,,,,,,,,,,,,,,,,,,,,,,,,,,,,,,,,,,,,,,,,,,,,,,project,4.0,1.0,5df6c72c3ee374c34c20014e6696444d34c818ab,2014-06-24 19:55:59-04:00,0.042000298541097436
,,,,,,,,,,,,,,,,,,,,,,,,,,1.7142857142857142,9.142857142857142,1.4285714285714286,7.714285714285714,2.0,5.428571428571429,0.2857142857142857,3.142857142857143,1.2857142857142858,0.0,5.142857142857143,6.571428571428571,2.142857142857143,5.285714285714286,1.2857142857142858,1.2857142857142858,1.2857142857142858,1.0,0.0,,,,,0.0,,0.2857142857142857,0.0,,,0.0471428571428571,1.2857142857142858,1.2857142857142858,1.2857142857142858,1.0,method,,,9c96da6f7b2ce300763d52ef0071ef2e33a6d5f4,2014-06-27 22:55:34-04:00,0.042000298541097436
1.25,1.25,1.25,1.0,7.75,1.0,6.75,0.0,1.0,6.5,4.75,0.0,,0.25,0.5,,,,1.75,0.25,2.0,15.0,0.0,0.0,0.0,2.0,,23.5,4.75,18.75,7.25,10.25,0.75,,,,10.0,13.75,5.75,9.75,,,,,,1.5,1.5,1.5,1.0,,1.25,0.5,,0.0,0.0,0.0425,2.5,2.5,2.5,2.0,class,,,9c96da6f7b2ce300763d52ef0071ef2e33a6d5f4,2014-06-27 22:55:34-04:00,0.042000298541097436
,,,,,,,,,,,,4.0,,,,,,,,,,,,,,,,,,,,,,,,,,,,,,,,,,,,,,,,,,,,,,,,project,4.0,1.0,9c96da6f7b2ce300763d52ef0071ef2e33a6d5f4,2014-06-27 22:55:34-04:00,0.042000298541097436
,,,,,,,,,,,,,,,,,,,,,,,,,,1.7142857142857142,9.142857142857142,1.4285714285714286,7.714285714285714,2.0,5.428571428571429,0.2857142857142857,3.142857142857143,1.2857142857142858,0.0,5.142857142857143,6.571428571428571,2.142857142857143,5.285714285714286,1.2857142857142858,1.2857142857142858,1.2857142857142858,1.0,0.0,,,,,0.0,,0.2857142857142857,0.0,,,0.0471428571428571,1.2857142857142858,1.2857142857142858,1.2857142857142858,1.0,method,,,be2aa70575387ab3b19e60b60736014558e95278,2014-07-08 15:42:00-05:00,0.042000298541097436
1.25,1.25,1.25,1.0,7.75,1.0,6.75,0.0,1.0,6.5,4.75,0.0,,0.25,0.5,,,,1.75,0.25,2.0,15.0,0.0,0.0,0.0,2.0,,23.5,4.75,18.75,7.25,10.25,0.75,,,,10.0,13.75,5.75,9.75,,,,,,1.5,1.5,1.5,1.0,,1.25,0.5,,0.0,0.0,0.0425,2.5,2.5,2.5,2.0,class,,,be2aa70575387ab3b19e60b60736014558e95278,2014-07-08 15:42:00-05:00,0.042000298541097436
,,,,,,,,,,,,4.0,,,,,,,,,,,,,,,,,,,,,,,,,,,,,,,,,,,,,,,,,,,,,,,,project,4.0,1.0,be2aa70575387ab3b19e60b60736014558e95278,2014-07-08 15:42:00-05:00,0.042000298541097436
,,,,,,,,,,,,,,,,,,,,,,,,,,1.7142857142857142,9.142857142857142,1.2857142857142858,7.857142857142857,2.0,5.571428571428571,0.2857142857142857,3.2857142857142856,1.2857142857142858,0.0,5.285714285714286,6.714285714285714,2.142857142857143,5.428571428571429,1.2857142857142858,1.2857142857142858,1.2857142857142858,1.0,0.0,,,,,0.0,,0.2857142857142857,0.0,,,0.0428571428571428,1.2857142857142858,1.2857142857142858,1.2857142857142858,1.0,method,,,c225f4ea207db326e88b8b72ca768565f462f2a1,2014-07-10 10:39:23-05:00,0.042006840762041975
1.25,1.25,1.25,1.0,7.75,1.0,6.75,0.0,1.0,6.5,4.75,0.0,,0.25,0.5,,,,1.75,0.25,2.0,15.0,0.0,0.0,0.0,2.0,,23.25,4.25,19.0,7.25,10.5,0.75,,,,10.25,14.0,5.75,10.0,,,,,,1.5,1.5,1.5,1.0,,1.25,0.5,,0.0,0.0,0.04,2.5,2.5,2.5,2.0,class,,,c225f4ea207db326e88b8b72ca768565f462f2a1,2014-07-10 10:39:23-05:00,0.042006840762041975
,,,,,,,,,,,,4.0,,,,,,,,,,,,,,,,,,,,,,,,,,,,,,,,,,,,,,,,,,,,,,,,project,4.0,1.0,c225f4ea207db326e88b8b72ca768565f462f2a1,2014-07-10 10:39:23-05:00,0.042006840762041975
,,,,,,,,,,,,,,,,,,,,,,,,,,1.7142857142857142,9.142857142857142,1.2857142857142858,7.857142857142857,2.0,5.571428571428571,0.2857142857142857,3.2857142857142856,1.2857142857142858,0.0,5.285714285714286,6.714285714285714,2.142857142857143,5.428571428571429,1.2857142857142858,1.2857142857142858,1.2857142857142858,1.0,0.0,,,,,0.0,,0.2857142857142857,0.0,,,0.0428571428571428,1.2857142857142858,1.2857142857142858,1.2857142857142858,1.0,method,,,bbb4111f2d93cd7783ad8fbaccacf705964cbd4a,2014-08-08 22:12:44-05:00,0.042006840762041975
1.25,1.25,1.25,1.0,7.75,1.0,6.75,0.0,1.0,6.5,4.75,0.0,,0.25,0.5,,,,1.75,0.25,2.0,15.0,0.0,0.0,0.0,2.0,,23.25,4.25,19.0,7.25,10.5,0.75,,,,10.25,14.0,5.75,10.0,,,,,,1.5,1.5,1.5,1.0,,1.25,0.5,,0.0,0.0,0.04,2.5,2.5,2.5,2.0,class,,,bbb4111f2d93cd7783ad8fbaccacf705964cbd4a,2014-08-08 22:12:44-05:00,0.042006840762041975
,,,,,,,,,,,,4.0,,,,,,,,,,,,,,,,,,,,,,,,,,,,,,,,,,,,,,,,,,,,,,,,project,4.0,1.0,bbb4111f2d93cd7783ad8fbaccacf705964cbd4a,2014-08-08 22:12:44-05:00,0.042006840762041975
,,,,,,,,,,,,,,,,,,,,,,,,,,1.7142857142857142,9.142857142857142,1.2857142857142858,7.857142857142857,2.0,5.571428571428571,0.2857142857142857,3.2857142857142856,1.2857142857142858,0.0,5.285714285714286,6.714285714285714,2.142857142857143,5.428571428571429,1.2857142857142858,1.2857142857142858,1.2857142857142858,1.0,0.0,,,,,0.0,,0.2857142857142857,0.0,,,0.0428571428571428,1.2857142857142858,1.2857142857142858,1.2857142857142858,1.0,method,,,f4f5f14727e4ba665a3067b25e756dde4f4a1a4c,2014-09-02 11:43:19-05:00,0.042006840762041975
1.25,1.25,1.25,1.0,7.75,1.0,6.75,0.0,1.0,6.5,4.75,0.0,,0.25,0.5,,,,1.75,0.25,2.0,15.0,0.0,0.0,0.0,2.0,,23.25,4.25,19.0,7.25,10.5,0.75,,,,10.25,14.0,5.75,10.0,,,,,,1.5,1.5,1.5,1.0,,1.25,0.5,,0.0,0.0,0.04,2.5,2.5,2.5,2.0,class,,,f4f5f14727e4ba665a3067b25e756dde4f4a1a4c,2014-09-02 11:43:19-05:00,0.042006840762041975
,,,,,,,,,,,,4.0,,,,,,,,,,,,,,,,,,,,,,,,,,,,,,,,,,,,,,,,,,,,,,,,project,4.0,1.0,f4f5f14727e4ba665a3067b25e756dde4f4a1a4c,2014-09-02 11:43:19-05:00,0.042006840762041975
,,,,,,,,,,,,,,,,,,,,,,,,,,1.7142857142857142,9.142857142857142,1.2857142857142858,7.857142857142857,2.0,5.571428571428571,0.2857142857142857,3.2857142857142856,1.2857142857142858,0.0,5.285714285714286,6.714285714285714,2.142857142857143,5.428571428571429,1.2857142857142858,1.2857142857142858,1.2857142857142858,1.0,0.0,,,,,0.0,,0.2857142857142857,0.0,,,0.0428571428571428,1.2857142857142858,1.2857142857142858,1.2857142857142858,1.0,method,,,430818ae927308ca4dd36054fc578fb09e71f1a9,2014-09-05 11:14:13-05:00,0.042006840762041975
1.25,1.25,1.25,1.0,7.75,1.0,6.75,0.0,1.0,6.5,4.75,0.0,,0.25,0.5,,,,1.75,0.25,2.0,15.0,0.0,0.0,0.0,2.0,,23.25,4.25,19.0,7.25,10.5,0.75,,,,10.25,14.0,5.75,10.0,,,,,,1.5,1.5,1.5,1.0,,1.25,0.5,,0.0,0.0,0.04,2.5,2.5,2.5,2.0,class,,,430818ae927308ca4dd36054fc578fb09e71f1a9,2014-09-05 11:14:13-05:00,0.042006840762041975
,,,,,,,,,,,,4.0,,,,,,,,,,,,,,,,,,,,,,,,,,,,,,,,,,,,,,,,,,,,,,,,project,4.0,1.0,430818ae927308ca4dd36054fc578fb09e71f1a9,2014-09-05 11:14:13-05:00,0.042006840762041975
,,,,,,,,,,,,,,,,,,,,,,,,,,1.7142857142857142,9.142857142857142,1.2857142857142858,7.857142857142857,2.0,5.571428571428571,0.2857142857142857,3.2857142857142856,1.2857142857142858,0.0,5.285714285714286,6.714285714285714,2.142857142857143,5.428571428571429,1.2857142857142858,1.2857142857142858,1.2857142857142858,1.0,0.0,,,,,0.0,,0.2857142857142857,0.0,,,0.0428571428571428,1.2857142857142858,1.2857142857142858,1.2857142857142858,1.0,method,,,467727282d22820fbffb58159580265d91a327a7,2014-09-29 12:42:41-05:00,0.042006840762041975
1.25,1.25,1.25,1.0,7.75,1.0,6.75,0.0,1.0,6.5,4.75,0.0,,0.25,0.5,,,,1.75,0.25,2.0,15.0,0.0,0.0,0.0,2.0,,23.25,4.25,19.0,7.25,10.5,0.75,,,,10.25,14.0,5.75,10.0,,,,,,1.5,1.5,1.5,1.0,,1.25,0.5,,0.0,0.0,0.04,2.5,2.5,2.5,2.0,class,,,467727282d22820fbffb58159580265d91a327a7,2014-09-29 12:42:41-05:00,0.042006840762041975
,,,,,,,,,,,,4.0,,,,,,,,,,,,,,,,,,,,,,,,,,,,,,,,,,,,,,,,,,,,,,,,project,4.0,1.0,467727282d22820fbffb58159580265d91a327a7,2014-09-29 12:42:41-05:00,0.042006840762041975
,,,,,,,,,,,,,,,,,,,,,,,,,,1.7142857142857142,9.142857142857142,1.2857142857142858,7.857142857142857,2.0,5.571428571428571,0.2857142857142857,3.2857142857142856,1.2857142857142858,0.0,5.285714285714286,6.714285714285714,2.142857142857143,5.428571428571429,1.2857142857142858,1.2857142857142858,1.2857142857142858,1.0,0.0,,,,,0.0,,0.2857142857142857,0.0,,,0.0428571428571428,1.2857142857142858,1.2857142857142858,1.2857142857142858,1.0,method,,,3cdd9503fc1a8546a937b505c884af0664729bbb,2014-09-29 12:54:58-05:00,0.042006840762041975
1.25,1.25,1.25,1.0,7.75,1.0,6.75,0.0,1.0,6.5,4.75,0.0,,0.25,0.5,,,,1.75,0.25,2.0,15.0,0.0,0.0,0.0,2.0,,23.25,4.25,19.0,7.25,10.5,0.75,,,,10.25,14.0,5.75,10.0,,,,,,1.5,1.5,1.5,1.0,,1.25,0.5,,0.0,0.0,0.04,2.5,2.5,2.5,2.0,class,,,3cdd9503fc1a8546a937b505c884af0664729bbb,2014-09-29 12:54:58-05:00,0.042006840762041975
,,,,,,,,,,,,4.0,,,,,,,,,,,,,,,,,,,,,,,,,,,,,,,,,,,,,,,,,,,,,,,,project,4.0,1.0,3cdd9503fc1a8546a937b505c884af0664729bbb,2014-09-29 12:54:58-05:00,0.042006840762041975
,,,,,,,,,,,,,,,,,,,,,,,,,,1.7142857142857142,9.142857142857142,1.2857142857142858,7.857142857142857,2.0,5.571428571428571,0.2857142857142857,3.2857142857142856,1.2857142857142858,0.0,5.285714285714286,6.714285714285714,2.142857142857143,5.428571428571429,1.2857142857142858,1.2857142857142858,1.2857142857142858,1.0,0.0,,,,,0.0,,0.2857142857142857,0.0,,,0.0428571428571428,1.2857142857142858,1.2857142857142858,1.2857142857142858,1.0,method,,,5a3fa4c264fd797860ab90704283c210e892eebf,2014-10-10 22:05:29-05:00,0.042006840762041975
1.25,1.25,1.25,1.0,7.75,1.0,6.75,0.0,1.0,6.5,4.75,0.0,,0.25,0.5,,,,1.75,0.25,2.0,15.0,0.0,0.0,0.0,2.0,,23.25,4.25,19.0,7.25,10.5,0.75,,,,10.25,14.0,5.75,10.0,,,,,,1.5,1.5,1.5,1.0,,1.25,0.5,,0.0,0.0,0.04,2.5,2.5,2.5,2.0,class,,,5a3fa4c264fd797860ab90704283c210e892eebf,2014-10-10 22:05:29-05:00,0.042006840762041975
,,,,,,,,,,,,4.0,,,,,,,,,,,,,,,,,,,,,,,,,,,,,,,,,,,,,,,,,,,,,,,,project,4.0,1.0,5a3fa4c264fd797860ab90704283c210e892eebf,2014-10-10 22:05:29-05:00,0.042006840762041975
,,,,,,,,,,,,,,,,,,,,,,,,,,1.7142857142857142,9.142857142857142,1.2857142857142858,7.857142857142857,2.0,5.571428571428571,0.2857142857142857,3.2857142857142856,1.2857142857142858,0.0,5.285714285714286,6.714285714285714,2.142857142857143,5.428571428571429,1.2857142857142858,1.2857142857142858,1.2857142857142858,1.0,0.0,,,,,0.0,,0.2857142857142857,0.0,,,0.0428571428571428,1.2857142857142858,1.2857142857142858,1.2857142857142858,1.0,method,,,bd37a70334f75cb7a97ec6de1d3a88b80231194a,2014-11-12 13:08:30-06:00,0.042006840762041975
1.25,1.25,1.25,1.0,7.75,1.0,6.75,0.0,1.0,6.5,4.75,0.0,,0.25,0.5,,,,1.75,0.25,2.0,15.0,0.0,0.0,0.0,2.0,,23.25,4.25,19.0,7.25,10.5,0.75,,,,10.25,14.0,5.75,10.0,,,,,,1.5,1.5,1.5,1.0,,1.25,0.5,,0.0,0.0,0.04,2.5,2.5,2.5,2.0,class,,,bd37a70334f75cb7a97ec6de1d3a88b80231194a,2014-11-12 13:08:30-06:00,0.042006840762041975
,,,,,,,,,,,,4.0,,,,,,,,,,,,,,,,,,,,,,,,,,,,,,,,,,,,,,,,,,,,,,,,project,4.0,1.0,bd37a70334f75cb7a97ec6de1d3a88b80231194a,2014-11-12 13:08:30-06:00,0.042006840762041975
,,,,,,,,,,,,,,,,,,,,,,,,,,1.7142857142857142,9.142857142857142,1.2857142857142858,7.857142857142857,2.0,5.571428571428571,0.2857142857142857,3.2857142857142856,1.2857142857142858,0.0,5.285714285714286,6.714285714285714,2.142857142857143,5.428571428571429,1.2857142857142858,1.2857142857142858,1.2857142857142858,1.0,0.0,,,,,0.0,,0.2857142857142857,0.0,,,0.0428571428571428,1.2857142857142858,1.2857142857142858,1.2857142857142858,1.0,method,,,f8139ff9e1294d5d1123909d822af474cb4b0016,2014-11-20 10:15:19-06:00,0.042006840762041975
1.25,1.25,1.25,1.0,7.75,1.0,6.75,0.0,1.0,6.5,4.75,0.0,,0.25,0.5,,,,1.75,0.25,2.0,15.0,0.0,0.0,0.0,2.0,,23.25,4.25,19.0,7.25,10.5,0.75,,,,10.25,14.0,5.75,10.0,,,,,,1.5,1.5,1.5,1.0,,1.25,0.5,,0.0,0.0,0.04,2.5,2.5,2.5,2.0,class,,,f8139ff9e1294d5d1123909d822af474cb4b0016,2014-11-20 10:15:19-06:00,0.042006840762041975
,,,,,,,,,,,,4.0,,,,,,,,,,,,,,,,,,,,,,,,,,,,,,,,,,,,,,,,,,,,,,,,project,4.0,1.0,f8139ff9e1294d5d1123909d822af474cb4b0016,2014-11-20 10:15:19-06:00,0.042006840762041975
,,,,,,,,,,,,,,,,,,,,,,,,,,1.7142857142857142,9.142857142857142,1.2857142857142858,7.857142857142857,2.0,5.571428571428571,0.2857142857142857,3.2857142857142856,1.2857142857142858,0.0,5.285714285714286,6.714285714285714,2.142857142857143,5.428571428571429,1.2857142857142858,1.2857142857142858,1.2857142857142858,1.0,0.0,,,,,0.0,,0.2857142857142857,0.0,,,0.0428571428571428,1.2857142857142858,1.2857142857142858,1.2857142857142858,1.0,method,,,907b427ce090d7d6f8c60007388b3b0206d44802,2014-12-11 11:08:07-06:00,0.042006840762041975
1.25,1.25,1.25,1.0,7.75,1.0,6.75,0.0,1.0,6.5,4.75,0.0,,0.25,0.5,,,,1.75,0.25,2.0,15.0,0.0,0.0,0.0,2.0,,23.25,4.25,19.0,7.25,10.5,0.75,,,,10.25,14.0,5.75,10.0,,,,,,1.5,1.5,1.5,1.0,,1.25,0.5,,0.0,0.0,0.04,2.5,2.5,2.5,2.0,class,,,907b427ce090d7d6f8c60007388b3b0206d44802,2014-12-11 11:08:07-06:00,0.042006840762041975
,,,,,,,,,,,,4.0,,,,,,,,,,,,,,,,,,,,,,,,,,,,,,,,,,,,,,,,,,,,,,,,project,4.0,1.0,907b427ce090d7d6f8c60007388b3b0206d44802,2014-12-11 11:08:07-06:00,0.042006840762041975
,,,,,,,,,,,,,,,,,,,,,,,,,,1.7142857142857142,9.142857142857142,1.2857142857142858,7.857142857142857,2.0,5.571428571428571,0.2857142857142857,3.2857142857142856,1.2857142857142858,0.0,5.285714285714286,6.714285714285714,2.142857142857143,5.428571428571429,1.2857142857142858,1.2857142857142858,1.2857142857142858,1.0,0.0,,,,,0.0,,0.2857142857142857,0.0,,,0.0428571428571428,1.2857142857142858,1.2857142857142858,1.2857142857142858,1.0,method,,,344edf3b50f10fd3c456c9fc450e0fdb7ec66848,2014-12-11 15:57:27-08:00,0.042006840762041975
1.25,1.25,1.25,1.0,7.75,1.0,6.75,0.0,1.0,6.5,4.75,0.0,,0.25,0.5,,,,1.75,0.25,2.0,15.0,0.0,0.0,0.0,2.0,,23.25,4.25,19.0,7.25,10.5,0.75,,,,10.25,14.0,5.75,10.0,,,,,,1.5,1.5,1.5,1.0,,1.25,0.5,,0.0,0.0,0.04,2.5,2.5,2.5,2.0,class,,,344edf3b50f10fd3c456c9fc450e0fdb7ec66848,2014-12-11 15:57:27-08:00,0.042006840762041975
,,,,,,,,,,,,4.0,,,,,,,,,,,,,,,,,,,,,,,,,,,,,,,,,,,,,,,,,,,,,,,,project,4.0,1.0,344edf3b50f10fd3c456c9fc450e0fdb7ec66848,2014-12-11 15:57:27-08:00,0.042006840762041975
,,,,,,,,,,,,,,,,,,,,,,,,,,1.7142857142857142,9.142857142857142,1.2857142857142858,7.857142857142857,2.0,5.571428571428571,0.2857142857142857,3.2857142857142856,1.2857142857142858,0.0,5.285714285714286,6.714285714285714,2.142857142857143,5.428571428571429,1.2857142857142858,1.2857142857142858,1.2857142857142858,1.0,0.0,,,,,0.0,,0.2857142857142857,0.0,,,0.0428571428571428,1.2857142857142858,1.2857142857142858,1.2857142857142858,1.0,method,,,2e61343281d2678170abc547fa25ace5da5fa7cb,2014-12-12 09:30:53-06:00,0.042006840762041975
1.25,1.25,1.25,1.0,7.75,1.0,6.75,0.0,1.0,6.5,4.75,0.0,,0.25,0.5,,,,1.75,0.25,2.0,15.0,0.0,0.0,0.0,2.0,,23.25,4.25,19.0,7.25,10.5,0.75,,,,10.25,14.0,5.75,10.0,,,,,,1.5,1.5,1.5,1.0,,1.25,0.5,,0.0,0.0,0.04,2.5,2.5,2.5,2.0,class,,,2e61343281d2678170abc547fa25ace5da5fa7cb,2014-12-12 09:30:53-06:00,0.042006840762041975
,,,,,,,,,,,,4.0,,,,,,,,,,,,,,,,,,,,,,,,,,,,,,,,,,,,,,,,,,,,,,,,project,4.0,1.0,2e61343281d2678170abc547fa25ace5da5fa7cb,2014-12-12 09:30:53-06:00,0.042006840762041975
,,,,,,,,,,,,,,,,,,,,,,,,,,1.7142857142857142,9.142857142857142,1.2857142857142858,7.857142857142857,2.0,5.571428571428571,0.2857142857142857,3.2857142857142856,1.2857142857142858,0.0,5.285714285714286,6.714285714285714,2.142857142857143,5.428571428571429,1.2857142857142858,1.2857142857142858,1.2857142857142858,1.0,0.0,,,,,0.0,,0.2857142857142857,0.0,,,0.0428571428571428,1.2857142857142858,1.2857142857142858,1.2857142857142858,1.0,method,,,f2f9ad010a53adac9c52fcb1675ee6514a8133ef,2015-01-14 12:34:05-06:00,0.042006840762041975
1.25,1.25,1.25,1.0,7.75,1.0,6.75,0.0,1.0,6.5,4.75,0.0,,0.25,0.5,,,,1.75,0.25,2.0,15.0,0.0,0.0,0.0,2.0,,23.25,4.25,19.0,7.25,10.5,0.75,,,,10.25,14.0,5.75,10.0,,,,,,1.5,1.5,1.5,1.0,,1.25,0.5,,0.0,0.0,0.04,2.5,2.5,2.5,2.0,class,,,f2f9ad010a53adac9c52fcb1675ee6514a8133ef,2015-01-14 12:34:05-06:00,0.042006840762041975
,,,,,,,,,,,,4.0,,,,,,,,,,,,,,,,,,,,,,,,,,,,,,,,,,,,,,,,,,,,,,,,project,4.0,1.0,f2f9ad010a53adac9c52fcb1675ee6514a8133ef,2015-01-14 12:34:05-06:00,0.042006840762041975
,,,,,,,,,,,,,,,,,,,,,,,,,,1.6666666666666667,8.222222222222221,1.0,7.222222222222222,1.8888888888888888,5.0,0.3333333333333333,3.2222222222222223,1.2222222222222223,0.0,4.666666666666667,6.0,2.0,4.777777777777778,1.2222222222222223,1.2222222222222223,1.2222222222222223,1.0,0.0,,,,,0.0,,0.2222222222222222,0.0,,,0.0522222222222222,1.2222222222222223,1.2222222222222223,1.2222222222222223,1.0,method,,,5623cc7de42de196a0f7f9d15fa7855c7777a349,2015-02-05 18:16:06+00:00,0.03360547260963358
1.2,1.2,1.2,1.0,7.2,0.8,6.4,0.0,1.0,7.0,5.2,0.0,,0.2,0.4,,,,1.8,0.6,2.0,15.0,0.0,0.0,0.0,2.0,,23.0,4.4,18.6,7.6,10.0,0.8,,,,9.6,13.2,5.8,9.2,,,,,,1.4,1.4,1.4,1.0,,1.2,0.4,,5.0,5.0,0.044,2.4,2.4,2.4,2.0,class,,,5623cc7de42de196a0f7f9d15fa7855c7777a349,2015-02-05 18:16:06+00:00,0.03360547260963358
,,,,,,,,,,,,5.0,,,,,,,,,,,,,,,,,,,,,,,,,,,,,,,,,,,,,,,,,,,,,,,,project,5.0,1.0,5623cc7de42de196a0f7f9d15fa7855c7777a349,2015-02-05 18:16:06+00:00,0.03360547260963358
,,,,,,,,,,,,,,,,,,,,,,,,,,1.6666666666666667,8.222222222222221,1.0,7.222222222222222,1.8888888888888888,5.0,0.3333333333333333,3.2222222222222223,1.2222222222222223,0.0,4.666666666666667,6.0,2.0,4.777777777777778,1.2222222222222223,1.2222222222222223,1.2222222222222223,1.0,0.0,,,,,0.0,,0.2222222222222222,0.0,,,0.0522222222222222,1.2222222222222223,1.2222222222222223,1.2222222222222223,1.0,method,,,f021f85e06c2c4995e8adaedba037d5cc1c1ea81,2015-02-18 11:08:12-06:00,0.03360547260963358
1.2,1.2,1.2,1.0,7.2,0.8,6.4,0.0,1.0,7.0,5.2,0.0,,0.2,0.4,,,,1.8,0.6,2.0,15.0,0.0,0.0,0.0,2.0,,23.0,4.4,18.6,7.6,10.0,0.8,,,,9.6,13.2,5.8,9.2,,,,,,1.4,1.4,1.4,1.0,,1.2,0.4,,5.0,5.0,0.044,2.4,2.4,2.4,2.0,class,,,f021f85e06c2c4995e8adaedba037d5cc1c1ea81,2015-02-18 11:08:12-06:00,0.03360547260963358
,,,,,,,,,,,,5.0,,,,,,,,,,,,,,,,,,,,,,,,,,,,,,,,,,,,,,,,,,,,,,,,project,5.0,1.0,f021f85e06c2c4995e8adaedba037d5cc1c1ea81,2015-02-18 11:08:12-06:00,0.03360547260963358
,,,,,,,,,,,,,,,,,,,,,,,,,,1.6666666666666667,8.222222222222221,1.0,7.222222222222222,1.8888888888888888,5.0,0.3333333333333333,3.2222222222222223,1.2222222222222223,0.0,4.666666666666667,6.0,2.0,4.777777777777778,1.2222222222222223,1.2222222222222223,1.2222222222222223,1.0,0.0,,,,,0.0,,0.2222222222222222,0.0,,,0.0522222222222222,1.2222222222222223,1.2222222222222223,1.2222222222222223,1.0,method,,,260fc4730c1ebba91d6705292dd3bf6f68c0ff9b,2015-02-24 11:15:51-06:00,0.10693393187248149
1.2,1.2,1.2,1.0,7.2,0.8,6.4,0.0,1.0,7.0,5.2,0.0,,0.2,0.4,,,,1.8,0.6,2.0,15.0,0.0,0.0,0.0,2.0,,23.0,4.4,18.6,7.6,10.0,0.8,,,,9.6,13.2,5.8,9.2,,,,,,1.4,1.4,1.4,1.0,,1.2,0.4,,5.0,5.0,0.044,2.4,2.4,2.4,2.0,class,,,260fc4730c1ebba91d6705292dd3bf6f68c0ff9b,2015-02-24 11:15:51-06:00,0.10693393187248149
,,,,,,,,,,,,5.0,,,,,,,,,,,,,,,,,,,,,,,,,,,,,,,,,,,,,,,,,,,,,,,,project,5.0,1.0,260fc4730c1ebba91d6705292dd3bf6f68c0ff9b,2015-02-24 11:15:51-06:00,0.10693393187248149
,,,,,,,,,,,,,,,,,,,,,,,,,,1.6666666666666667,8.222222222222221,1.0,7.222222222222222,1.8888888888888888,5.0,0.3333333333333333,3.2222222222222223,1.2222222222222223,0.0,4.666666666666667,6.0,2.0,4.777777777777778,1.2222222222222223,1.2222222222222223,1.2222222222222223,1.0,0.0,,,,,0.0,,0.2222222222222222,0.0,,,0.0522222222222222,1.2222222222222223,1.2222222222222223,1.2222222222222223,1.0,method,,,520a48976321c6ad254e52440227962d76c199e2,2015-02-25 09:40:23-06:00,0.10693393187248149
1.2,1.2,1.2,1.0,7.2,0.8,6.4,0.0,1.0,7.0,5.2,0.0,,0.2,0.4,,,,1.8,0.6,2.0,15.0,0.0,0.0,0.0,2.0,,23.0,4.4,18.6,7.6,10.0,0.8,,,,9.6,13.2,5.8,9.2,,,,,,1.4,1.4,1.4,1.0,,1.2,0.4,,5.0,5.0,0.044,2.4,2.4,2.4,2.0,class,,,520a48976321c6ad254e52440227962d76c199e2,2015-02-25 09:40:23-06:00,0.10693393187248149
,,,,,,,,,,,,5.0,,,,,,,,,,,,,,,,,,,,,,,,,,,,,,,,,,,,,,,,,,,,,,,,project,5.0,1.0,520a48976321c6ad254e52440227962d76c199e2,2015-02-25 09:40:23-06:00,0.10693393187248149
,,,,,,,,,,,,,,,,,,,,,,,,,,1.6666666666666667,8.222222222222221,1.0,7.222222222222222,1.8888888888888888,5.0,0.3333333333333333,3.2222222222222223,1.2222222222222223,0.0,4.666666666666667,6.0,2.0,4.777777777777778,1.2222222222222223,1.2222222222222223,1.2222222222222223,1.0,0.0,,,,,0.0,,0.2222222222222222,0.0,,,0.0522222222222222,1.2222222222222223,1.2222222222222223,1.2222222222222223,1.0,method,,,ba0785fb6a9460001674d8643033729382952574,2015-02-26 22:39:53-06:00,0.10693393187248149
1.2,1.2,1.2,1.0,7.2,0.8,6.4,0.0,1.0,7.0,5.2,0.0,,0.2,0.4,,,,1.8,0.6,2.0,15.0,0.0,0.0,0.0,2.0,,23.0,4.4,18.6,7.6,10.0,0.8,,,,9.6,13.2,5.8,9.2,,,,,,1.4,1.4,1.4,1.0,,1.2,0.4,,5.0,5.0,0.044,2.4,2.4,2.4,2.0,class,,,ba0785fb6a9460001674d8643033729382952574,2015-02-26 22:39:53-06:00,0.10693393187248149
,,,,,,,,,,,,5.0,,,,,,,,,,,,,,,,,,,,,,,,,,,,,,,,,,,,,,,,,,,,,,,,project,5.0,1.0,ba0785fb6a9460001674d8643033729382952574,2015-02-26 22:39:53-06:00,0.10693393187248149
,,,,,,,,,,,,,,,,,,,,,,,,,,1.6666666666666667,8.222222222222221,1.0,7.222222222222222,1.8888888888888888,5.0,0.3333333333333333,3.2222222222222223,1.2222222222222223,0.0,4.666666666666667,6.0,2.0,4.777777777777778,1.2222222222222223,1.2222222222222223,1.2222222222222223,1.0,0.0,,,,,0.0,,0.2222222222222222,0.0,,,0.0522222222222222,1.2222222222222223,1.2222222222222223,1.2222222222222223,1.0,method,,,e9070abf5e547f33ff671e8e20e212bbedbd94b1,2015-03-15 14:34:32-04:00,0.10693393187248149
1.2,1.2,1.2,1.0,7.2,0.8,6.4,0.0,1.0,7.0,5.2,0.0,,0.2,0.4,,,,1.8,0.6,2.0,15.0,0.0,0.0,0.0,2.0,,23.0,4.4,18.6,7.6,10.0,0.8,,,,9.6,13.2,5.8,9.2,,,,,,1.4,1.4,1.4,1.0,,1.2,0.4,,5.0,5.0,0.044,2.4,2.4,2.4,2.0,class,,,e9070abf5e547f33ff671e8e20e212bbedbd94b1,2015-03-15 14:34:32-04:00,0.10693393187248149
,,,,,,,,,,,,5.0,,,,,,,,,,,,,,,,,,,,,,,,,,,,,,,,,,,,,,,,,,,,,,,,project,5.0,1.0,e9070abf5e547f33ff671e8e20e212bbedbd94b1,2015-03-15 14:34:32-04:00,0.10693393187248149
,,,,,,,,,,,,,,,,,,,,,,,,,,1.6666666666666667,8.222222222222221,1.0,7.222222222222222,1.8888888888888888,5.0,0.3333333333333333,3.2222222222222223,1.2222222222222223,0.0,4.666666666666667,6.0,2.0,4.777777777777778,1.2222222222222223,1.2222222222222223,1.2222222222222223,1.0,0.0,,,,,0.0,,0.2222222222222222,0.0,,,0.0522222222222222,1.2222222222222223,1.2222222222222223,1.2222222222222223,1.0,method,,,dfd749562789a663a570590034651fca2a3118c5,2015-03-17 12:38:22-05:00,0.10693393187248149
1.2,1.2,1.2,1.0,7.2,0.8,6.4,0.0,1.0,7.0,5.2,0.0,,0.2,0.4,,,,1.8,0.6,2.0,15.0,0.0,0.0,0.0,2.0,,23.0,4.4,18.6,7.6,10.0,0.8,,,,9.6,13.2,5.8,9.2,,,,,,1.4,1.4,1.4,1.0,,1.2,0.4,,5.0,5.0,0.044,2.4,2.4,2.4,2.0,class,,,dfd749562789a663a570590034651fca2a3118c5,2015-03-17 12:38:22-05:00,0.10693393187248149
,,,,,,,,,,,,5.0,,,,,,,,,,,,,,,,,,,,,,,,,,,,,,,,,,,,,,,,,,,,,,,,project,5.0,1.0,dfd749562789a663a570590034651fca2a3118c5,2015-03-17 12:38:22-05:00,0.10693393187248149
,,,,,,,,,,,,,,,,,,,,,,,,,,1.6666666666666667,8.222222222222221,1.0,7.222222222222222,1.8888888888888888,5.0,0.3333333333333333,3.2222222222222223,1.2222222222222223,0.0,4.666666666666667,6.0,2.0,4.777777777777778,1.2222222222222223,1.2222222222222223,1.2222222222222223,1.0,0.0,,,,,0.0,,0.2222222222222222,0.0,,,0.0522222222222222,1.2222222222222223,1.2222222222222223,1.2222222222222223,1.0,method,,,92f7b0f6a1653ec100059b2423feff4ffb28c2ca,2015-03-17 13:14:01-05:00,0.10693393187248149
1.2,1.2,1.2,1.0,7.2,0.8,6.4,0.0,1.0,7.0,5.2,0.0,,0.2,0.4,,,,1.8,0.6,2.0,15.0,0.0,0.0,0.0,2.0,,23.0,4.4,18.6,7.6,10.0,0.8,,,,9.6,13.2,5.8,9.2,,,,,,1.4,1.4,1.4,1.0,,1.2,0.4,,5.0,5.0,0.044,2.4,2.4,2.4,2.0,class,,,92f7b0f6a1653ec100059b2423feff4ffb28c2ca,2015-03-17 13:14:01-05:00,0.10693393187248149
,,,,,,,,,,,,5.0,,,,,,,,,,,,,,,,,,,,,,,,,,,,,,,,,,,,,,,,,,,,,,,,project,5.0,1.0,92f7b0f6a1653ec100059b2423feff4ffb28c2ca,2015-03-17 13:14:01-05:00,0.10693393187248149
,,,,,,,,,,,,,,,,,,,,,,,,,,1.6666666666666667,8.222222222222221,1.0,7.222222222222222,1.8888888888888888,5.0,0.3333333333333333,3.2222222222222223,1.2222222222222223,0.0,4.666666666666667,6.0,2.0,4.777777777777778,1.2222222222222223,1.2222222222222223,1.2222222222222223,1.0,0.0,,,,,0.0,,0.2222222222222222,0.0,,,0.0522222222222222,1.2222222222222223,1.2222222222222223,1.2222222222222223,1.0,method,,,b2a8d2a560b55c5cee5f577062d5b3aec8c21b1b,2015-03-17 14:52:39-05:00,0.10693393187248149
1.2,1.2,1.2,1.0,7.2,0.8,6.4,0.0,1.0,7.0,5.2,0.0,,0.2,0.4,,,,1.8,0.6,2.0,15.0,0.0,0.0,0.0,2.0,,23.0,4.4,18.6,7.6,10.0,0.8,,,,9.6,13.2,5.8,9.2,,,,,,1.4,1.4,1.4,1.0,,1.2,0.4,,5.0,5.0,0.044,2.4,2.4,2.4,2.0,class,,,b2a8d2a560b55c5cee5f577062d5b3aec8c21b1b,2015-03-17 14:52:39-05:00,0.10693393187248149
,,,,,,,,,,,,5.0,,,,,,,,,,,,,,,,,,,,,,,,,,,,,,,,,,,,,,,,,,,,,,,,project,5.0,1.0,b2a8d2a560b55c5cee5f577062d5b3aec8c21b1b,2015-03-17 14:52:39-05:00,0.10693393187248149
,,,,,,,,,,,,,,,,,,,,,,,,,,1.6666666666666667,8.222222222222221,1.0,7.222222222222222,1.8888888888888888,5.0,0.3333333333333333,3.2222222222222223,1.2222222222222223,0.0,4.666666666666667,6.0,2.0,4.777777777777778,1.2222222222222223,1.2222222222222223,1.2222222222222223,1.0,0.0,,,,,0.0,,0.2222222222222222,0.0,,,0.0522222222222222,1.2222222222222223,1.2222222222222223,1.2222222222222223,1.0,method,,,fa317361cfba54531e820cd2e6603969be0f525f,2015-03-31 16:56:18-05:00,0.10693393187248149
1.2,1.2,1.2,1.0,7.2,0.8,6.4,0.0,1.0,7.0,5.2,0.0,,0.2,0.4,,,,1.8,0.6,2.0,15.0,0.0,0.0,0.0,2.0,,23.0,4.4,18.6,7.6,10.0,0.8,,,,9.6,13.2,5.8,9.2,,,,,,1.4,1.4,1.4,1.0,,1.2,0.4,,5.0,5.0,0.044,2.4,2.4,2.4,2.0,class,,,fa317361cfba54531e820cd2e6603969be0f525f,2015-03-31 16:56:18-05:00,0.10693393187248149
,,,,,,,,,,,,5.0,,,,,,,,,,,,,,,,,,,,,,,,,,,,,,,,,,,,,,,,,,,,,,,,project,5.0,1.0,fa317361cfba54531e820cd2e6603969be0f525f,2015-03-31 16:56:18-05:00,0.10693393187248149
,,,,,,,,,,,,,,,,,,,,,,,,,,1.6666666666666667,8.222222222222221,1.0,7.222222222222222,1.8888888888888888,5.0,0.3333333333333333,3.2222222222222223,1.2222222222222223,0.0,4.666666666666667,6.0,2.0,4.777777777777778,1.2222222222222223,1.2222222222222223,1.2222222222222223,1.0,0.0,,,,,0.0,,0.2222222222222222,0.0,,,0.0522222222222222,1.2222222222222223,1.2222222222222223,1.2222222222222223,1.0,method,,,964755feeb73aae7fdbcbe951258e52d63e2fee2,2015-06-09 09:41:58-04:00,0.10693393187248149
1.2,1.2,1.2,1.0,7.2,0.8,6.4,0.0,1.0,7.0,5.2,0.0,,0.2,0.4,,,,1.8,0.6,2.0,15.0,0.0,0.0,0.0,2.0,,23.0,4.4,18.6,7.6,10.0,0.8,,,,9.6,13.2,5.8,9.2,,,,,,1.4,1.4,1.4,1.0,,1.2,0.4,,5.0,5.0,0.044,2.4,2.4,2.4,2.0,class,,,964755feeb73aae7fdbcbe951258e52d63e2fee2,2015-06-09 09:41:58-04:00,0.10693393187248149
,,,,,,,,,,,,5.0,,,,,,,,,,,,,,,,,,,,,,,,,,,,,,,,,,,,,,,,,,,,,,,,project,5.0,1.0,964755feeb73aae7fdbcbe951258e52d63e2fee2,2015-06-09 09:41:58-04:00,0.10693393187248149
,,,,,,,,,,,,,,,,,,,,,,,,,,1.6666666666666667,8.222222222222221,1.0,7.222222222222222,1.8888888888888888,5.0,0.3333333333333333,3.2222222222222223,1.2222222222222223,0.0,4.666666666666667,6.0,2.0,4.777777777777778,1.2222222222222223,1.2222222222222223,1.2222222222222223,1.0,0.0,,,,,0.0,,0.2222222222222222,0.0,,,0.0522222222222222,1.2222222222222223,1.2222222222222223,1.2222222222222223,1.0,method,,,fa7166a944f9c5914288c284aa43fbebd2883184,2015-06-12 13:49:27-04:00,0.10693393187248149
1.2,1.2,1.2,1.0,7.2,0.8,6.4,0.0,1.0,7.0,5.2,0.0,,0.2,0.4,,,,1.8,0.6,2.0,15.0,0.0,0.0,0.0,2.0,,23.0,4.4,18.6,7.6,10.0,0.8,,,,9.6,13.2,5.8,9.2,,,,,,1.4,1.4,1.4,1.0,,1.2,0.4,,5.0,5.0,0.044,2.4,2.4,2.4,2.0,class,,,fa7166a944f9c5914288c284aa43fbebd2883184,2015-06-12 13:49:27-04:00,0.10693393187248149
,,,,,,,,,,,,5.0,,,,,,,,,,,,,,,,,,,,,,,,,,,,,,,,,,,,,,,,,,,,,,,,project,5.0,1.0,fa7166a944f9c5914288c284aa43fbebd2883184,2015-06-12 13:49:27-04:00,0.10693393187248149
,,,,,,,,,,,,,,,,,,,,,,,,,,1.6666666666666667,8.222222222222221,1.0,7.222222222222222,1.8888888888888888,5.0,0.3333333333333333,3.2222222222222223,1.2222222222222223,0.0,4.666666666666667,6.0,2.0,4.777777777777778,1.2222222222222223,1.2222222222222223,1.2222222222222223,1.0,0.0,,,,,0.0,,0.2222222222222222,0.0,,,0.0522222222222222,1.2222222222222223,1.2222222222222223,1.2222222222222223,1.0,method,,,130196bd4523ec17a7d81146fb543c87cbd3ab0c,2015-06-12 14:05:00-04:00,0.10693393187248149
1.2,1.2,1.2,1.0,7.2,0.8,6.4,0.0,1.0,7.0,5.2,0.0,,0.2,0.4,,,,1.8,0.6,2.0,15.0,0.0,0.0,0.0,2.0,,23.0,4.4,18.6,7.6,10.0,0.8,,,,9.6,13.2,5.8,9.2,,,,,,1.4,1.4,1.4,1.0,,1.2,0.4,,5.0,5.0,0.044,2.4,2.4,2.4,2.0,class,,,130196bd4523ec17a7d81146fb543c87cbd3ab0c,2015-06-12 14:05:00-04:00,0.10693393187248149
,,,,,,,,,,,,5.0,,,,,,,,,,,,,,,,,,,,,,,,,,,,,,,,,,,,,,,,,,,,,,,,project,5.0,1.0,130196bd4523ec17a7d81146fb543c87cbd3ab0c,2015-06-12 14:05:00-04:00,0.10693393187248149
,,,,,,,,,,,,,,,,,,,,,,,,,,1.6666666666666667,8.222222222222221,1.0,7.222222222222222,1.8888888888888888,5.0,0.3333333333333333,3.2222222222222223,1.2222222222222223,0.0,4.666666666666667,6.0,2.0,4.777777777777778,1.2222222222222223,1.2222222222222223,1.2222222222222223,1.0,0.0,,,,,0.0,,0.2222222222222222,0.0,,,0.0522222222222222,1.2222222222222223,1.2222222222222223,1.2222222222222223,1.0,method,,,784f842a7c56d833e101bb893d4b632fe98b1c79,2015-06-15 11:54:12-04:00,0.10693393187248149
1.2,1.2,1.2,1.0,7.2,0.8,6.4,0.0,1.0,7.0,5.2,0.0,,0.2,0.4,,,,1.8,0.6,2.0,15.0,0.0,0.0,0.0,2.0,,23.0,4.4,18.6,7.6,10.0,0.8,,,,9.6,13.2,5.8,9.2,,,,,,1.4,1.4,1.4,1.0,,1.2,0.4,,5.0,5.0,0.044,2.4,2.4,2.4,2.0,class,,,784f842a7c56d833e101bb893d4b632fe98b1c79,2015-06-15 11:54:12-04:00,0.10693393187248149
,,,,,,,,,,,,5.0,,,,,,,,,,,,,,,,,,,,,,,,,,,,,,,,,,,,,,,,,,,,,,,,project,5.0,1.0,784f842a7c56d833e101bb893d4b632fe98b1c79,2015-06-15 11:54:12-04:00,0.10693393187248149
,,,,,,,,,,,,,,,,,,,,,,,,,,1.6666666666666667,8.222222222222221,1.0,7.222222222222222,1.8888888888888888,5.0,0.3333333333333333,3.2222222222222223,1.2222222222222223,0.0,4.666666666666667,6.0,2.0,4.777777777777778,1.2222222222222223,1.2222222222222223,1.2222222222222223,1.0,0.0,,,,,0.0,,0.2222222222222222,0.0,,,0.0522222222222222,1.2222222222222223,1.2222222222222223,1.2222222222222223,1.0,method,,,424330088e9428c4794db8e050fc1f2aeb110b67,2015-06-15 14:03:55-04:00,0.10693393187248149
1.2,1.2,1.2,1.0,7.2,0.8,6.4,0.0,1.0,7.0,5.2,0.0,,0.2,0.4,,,,1.8,0.6,2.0,15.0,0.0,0.0,0.0,2.0,,23.0,4.4,18.6,7.6,10.0,0.8,,,,9.6,13.2,5.8,9.2,,,,,,1.4,1.4,1.4,1.0,,1.2,0.4,,5.0,5.0,0.044,2.4,2.4,2.4,2.0,class,,,424330088e9428c4794db8e050fc1f2aeb110b67,2015-06-15 14:03:55-04:00,0.10693393187248149
,,,,,,,,,,,,5.0,,,,,,,,,,,,,,,,,,,,,,,,,,,,,,,,,,,,,,,,,,,,,,,,project,5.0,1.0,424330088e9428c4794db8e050fc1f2aeb110b67,2015-06-15 14:03:55-04:00,0.10693393187248149
,,,,,,,,,,,,,,,,,,,,,,,,,,1.6666666666666667,8.222222222222221,1.0,7.222222222222222,1.8888888888888888,5.0,0.3333333333333333,3.2222222222222223,1.2222222222222223,0.0,4.666666666666667,6.0,2.0,4.777777777777778,1.2222222222222223,1.2222222222222223,1.2222222222222223,1.0,0.0,,,,,0.0,,0.2222222222222222,0.0,,,0.0522222222222222,1.2222222222222223,1.2222222222222223,1.2222222222222223,1.0,method,,,a436fb2632d65419834292dfb6d6b6c6e994412e,2015-07-02 08:46:31-05:00,0.10693393187248149
1.2,1.2,1.2,1.0,7.2,0.8,6.4,0.0,1.0,7.0,5.2,0.0,,0.2,0.4,,,,1.8,0.6,2.0,15.0,0.0,0.0,0.0,2.0,,23.0,4.4,18.6,7.6,10.0,0.8,,,,9.6,13.2,5.8,9.2,,,,,,1.4,1.4,1.4,1.0,,1.2,0.4,,5.0,5.0,0.044,2.4,2.4,2.4,2.0,class,,,a436fb2632d65419834292dfb6d6b6c6e994412e,2015-07-02 08:46:31-05:00,0.10693393187248149
,,,,,,,,,,,,5.0,,,,,,,,,,,,,,,,,,,,,,,,,,,,,,,,,,,,,,,,,,,,,,,,project,5.0,1.0,a436fb2632d65419834292dfb6d6b6c6e994412e,2015-07-02 08:46:31-05:00,0.10693393187248149
,,,,,,,,,,,,,,,,,,,,,,,,,,1.6666666666666667,8.222222222222221,1.0,7.222222222222222,1.8888888888888888,5.0,0.3333333333333333,3.2222222222222223,1.2222222222222223,0.0,4.666666666666667,6.0,2.0,4.777777777777778,1.2222222222222223,1.2222222222222223,1.2222222222222223,1.0,0.0,,,,,0.0,,0.2222222222222222,0.0,,,0.0522222222222222,1.2222222222222223,1.2222222222222223,1.2222222222222223,1.0,method,,,596b844fe52c0bb0ac94028bf9edb270a0873a85,2015-08-25 15:10:31-05:00,0.10693393187248149
1.2,1.2,1.2,1.0,7.2,0.8,6.4,0.0,1.0,7.0,5.2,0.0,,0.2,0.4,,,,1.8,0.6,2.0,15.0,0.0,0.0,0.0,2.0,,23.0,4.4,18.6,7.6,10.0,0.8,,,,9.6,13.2,5.8,9.2,,,,,,1.4,1.4,1.4,1.0,,1.2,0.4,,5.0,5.0,0.044,2.4,2.4,2.4,2.0,class,,,596b844fe52c0bb0ac94028bf9edb270a0873a85,2015-08-25 15:10:31-05:00,0.10693393187248149
,,,,,,,,,,,,5.0,,,,,,,,,,,,,,,,,,,,,,,,,,,,,,,,,,,,,,,,,,,,,,,,project,5.0,1.0,596b844fe52c0bb0ac94028bf9edb270a0873a85,2015-08-25 15:10:31-05:00,0.10693393187248149
,,,,,,,,,,,,,,,,,,,,,,,,,,1.6666666666666667,8.222222222222221,1.0,7.222222222222222,1.8888888888888888,5.0,0.3333333333333333,3.2222222222222223,1.2222222222222223,0.0,4.666666666666667,6.0,2.0,4.777777777777778,1.2222222222222223,1.2222222222222223,1.2222222222222223,1.0,0.0,,,,,0.0,,0.2222222222222222,0.0,,,0.0522222222222222,1.2222222222222223,1.2222222222222223,1.2222222222222223,1.0,method,,,fb23f1c98aaa50cbd845d595fb6e91b0b43c678a,2015-09-20 15:41:49-05:00,0.10693393187248149
1.2,1.2,1.2,1.0,7.2,0.8,6.4,0.0,1.0,7.0,5.2,0.0,,0.2,0.4,,,,1.8,0.6,2.0,15.0,0.0,0.0,0.0,2.0,,23.0,4.4,18.6,7.6,10.0,0.8,,,,9.6,13.2,5.8,9.2,,,,,,1.4,1.4,1.4,1.0,,1.2,0.4,,5.0,5.0,0.044,2.4,2.4,2.4,2.0,class,,,fb23f1c98aaa50cbd845d595fb6e91b0b43c678a,2015-09-20 15:41:49-05:00,0.10693393187248149
,,,,,,,,,,,,5.0,,,,,,,,,,,,,,,,,,,,,,,,,,,,,,,,,,,,,,,,,,,,,,,,project,5.0,1.0,fb23f1c98aaa50cbd845d595fb6e91b0b43c678a,2015-09-20 15:41:49-05:00,0.10693393187248149
,,,,,,,,,,,,,,,,,,,,,,,,,,1.6666666666666667,8.222222222222221,1.0,7.222222222222222,1.8888888888888888,5.0,0.3333333333333333,3.2222222222222223,1.2222222222222223,0.0,4.666666666666667,6.0,2.0,4.777777777777778,1.2222222222222223,1.2222222222222223,1.2222222222222223,1.0,0.0,,,,,0.0,,0.2222222222222222,0.0,,,0.0522222222222222,1.2222222222222223,1.2222222222222223,1.2222222222222223,1.0,method,,,8becf48c7478e01a1a31c0dae588d63c9ae259a7,2015-09-26 13:19:20-05:00,0.10693393187248149
1.2,1.2,1.2,1.0,7.2,0.8,6.4,0.0,1.0,7.0,5.2,0.0,,0.2,0.4,,,,1.8,0.6,2.0,15.0,0.0,0.0,0.0,2.0,,23.0,4.4,18.6,7.6,10.0,0.8,,,,9.6,13.2,5.8,9.2,,,,,,1.4,1.4,1.4,1.0,,1.2,0.4,,5.0,5.0,0.044,2.4,2.4,2.4,2.0,class,,,8becf48c7478e01a1a31c0dae588d63c9ae259a7,2015-09-26 13:19:20-05:00,0.10693393187248149
,,,,,,,,,,,,5.0,,,,,,,,,,,,,,,,,,,,,,,,,,,,,,,,,,,,,,,,,,,,,,,,project,5.0,1.0,8becf48c7478e01a1a31c0dae588d63c9ae259a7,2015-09-26 13:19:20-05:00,0.10693393187248149
,,,,,,,,,,,,,,,,,,,,,,,,,,1.6666666666666667,8.222222222222221,1.0,7.222222222222222,1.8888888888888888,5.0,0.3333333333333333,3.2222222222222223,1.2222222222222223,0.0,4.666666666666667,6.0,2.0,4.777777777777778,1.2222222222222223,1.2222222222222223,1.2222222222222223,1.0,0.0,,,,,0.0,,0.2222222222222222,0.0,,,0.0522222222222222,1.2222222222222223,1.2222222222222223,1.2222222222222223,1.0,method,,,f3acb6c8fbcb08ce109e520b13e9910b405a15e7,2015-10-16 09:43:56-04:00,0.10693393187248149
1.2,1.2,1.2,1.0,7.2,0.8,6.4,0.0,1.0,7.0,5.2,0.0,,0.2,0.4,,,,1.8,0.6,2.0,15.0,0.0,0.0,0.0,2.0,,23.0,4.4,18.6,7.6,10.0,0.8,,,,9.6,13.2,5.8,9.2,,,,,,1.4,1.4,1.4,1.0,,1.2,0.4,,5.0,5.0,0.044,2.4,2.4,2.4,2.0,class,,,f3acb6c8fbcb08ce109e520b13e9910b405a15e7,2015-10-16 09:43:56-04:00,0.10693393187248149
,,,,,,,,,,,,5.0,,,,,,,,,,,,,,,,,,,,,,,,,,,,,,,,,,,,,,,,,,,,,,,,project,5.0,1.0,f3acb6c8fbcb08ce109e520b13e9910b405a15e7,2015-10-16 09:43:56-04:00,0.10693393187248149
,,,,,,,,,,,,,,,,,,,,,,,,,,1.6666666666666667,8.222222222222221,1.0,7.222222222222222,1.8888888888888888,5.0,0.3333333333333333,3.2222222222222223,1.2222222222222223,0.0,4.666666666666667,6.0,2.0,4.777777777777778,1.2222222222222223,1.2222222222222223,1.2222222222222223,1.0,0.0,,,,,0.0,,0.2222222222222222,0.0,,,0.0522222222222222,1.2222222222222223,1.2222222222222223,1.2222222222222223,1.0,method,,,b5c9fbd891f9de195f41037a608f0c6c6709098e,2015-11-16 11:10:51-06:00,0.10693393187248149
1.2,1.2,1.2,1.0,7.2,0.8,6.4,0.0,1.0,7.0,5.2,0.0,,0.2,0.4,,,,1.8,0.6,2.0,15.0,0.0,0.0,0.0,2.0,,23.0,4.4,18.6,7.6,10.0,0.8,,,,9.6,13.2,5.8,9.2,,,,,,1.4,1.4,1.4,1.0,,1.2,0.4,,5.0,5.0,0.044,2.4,2.4,2.4,2.0,class,,,b5c9fbd891f9de195f41037a608f0c6c6709098e,2015-11-16 11:10:51-06:00,0.10693393187248149
,,,,,,,,,,,,5.0,,,,,,,,,,,,,,,,,,,,,,,,,,,,,,,,,,,,,,,,,,,,,,,,project,5.0,1.0,b5c9fbd891f9de195f41037a608f0c6c6709098e,2015-11-16 11:10:51-06:00,0.10693393187248149
,,,,,,,,,,,,,,,,,,,,,,,,,,1.6666666666666667,8.222222222222221,1.0,7.222222222222222,1.8888888888888888,5.0,0.3333333333333333,3.2222222222222223,1.2222222222222223,0.0,4.666666666666667,6.0,2.0,4.777777777777778,1.2222222222222223,1.2222222222222223,1.2222222222222223,1.0,0.0,,,,,0.0,,0.2222222222222222,0.0,,,0.0522222222222222,1.2222222222222223,1.2222222222222223,1.2222222222222223,1.0,method,,,75f0c4d3019a043ae28014e7f4226c810821f655,2015-12-18 09:40:27-06:00,0.10693393187248149
1.2,1.2,1.2,1.0,7.2,0.8,6.4,0.0,1.0,7.0,5.2,0.0,,0.2,0.4,,,,1.8,0.6,2.0,15.0,0.0,0.0,0.0,2.0,,23.0,4.4,18.6,7.6,10.0,0.8,,,,9.6,13.2,5.8,9.2,,,,,,1.4,1.4,1.4,1.0,,1.2,0.4,,5.0,5.0,0.044,2.4,2.4,2.4,2.0,class,,,75f0c4d3019a043ae28014e7f4226c810821f655,2015-12-18 09:40:27-06:00,0.10693393187248149
,,,,,,,,,,,,5.0,,,,,,,,,,,,,,,,,,,,,,,,,,,,,,,,,,,,,,,,,,,,,,,,project,5.0,1.0,75f0c4d3019a043ae28014e7f4226c810821f655,2015-12-18 09:40:27-06:00,0.10693393187248149
,,,,,,,,,,,,,,,,,,,,,,,,,,1.6666666666666667,8.222222222222221,1.0,7.222222222222222,1.8888888888888888,5.0,0.3333333333333333,3.2222222222222223,1.2222222222222223,0.0,4.666666666666667,6.0,2.0,4.777777777777778,1.2222222222222223,1.2222222222222223,1.2222222222222223,1.0,0.0,,,,,0.0,,0.2222222222222222,0.0,,,0.0522222222222222,1.2222222222222223,1.2222222222222223,1.2222222222222223,1.0,method,,,4819a15169a4e5584361c32a8f9c42876d5f2d4a,2016-01-21 21:29:10-06:00,0.10693393187248149
1.2,1.2,1.2,1.0,7.2,0.8,6.4,0.0,1.0,7.0,5.2,0.0,,0.2,0.4,,,,1.8,0.6,2.0,15.0,0.0,0.0,0.0,2.0,,23.0,4.4,18.6,7.6,10.0,0.8,,,,9.6,13.2,5.8,9.2,,,,,,1.4,1.4,1.4,1.0,,1.2,0.4,,5.0,5.0,0.044,2.4,2.4,2.4,2.0,class,,,4819a15169a4e5584361c32a8f9c42876d5f2d4a,2016-01-21 21:29:10-06:00,0.10693393187248149
,,,,,,,,,,,,5.0,,,,,,,,,,,,,,,,,,,,,,,,,,,,,,,,,,,,,,,,,,,,,,,,project,5.0,1.0,4819a15169a4e5584361c32a8f9c42876d5f2d4a,2016-01-21 21:29:10-06:00,0.10693393187248149
,,,,,,,,,,,,,,,,,,,,,,,,,,1.6666666666666667,8.222222222222221,1.0,7.222222222222222,1.8888888888888888,5.0,0.3333333333333333,3.2222222222222223,1.2222222222222223,0.0,4.666666666666667,6.0,2.0,4.777777777777778,1.2222222222222223,1.2222222222222223,1.2222222222222223,1.0,0.0,,,,,0.0,,0.2222222222222222,0.0,,,0.0522222222222222,1.2222222222222223,1.2222222222222223,1.2222222222222223,1.0,method,,,121afc6bdbddbbd764d0ecfaba3289f86942108b,2016-02-24 10:12:05-06:00,0.10693393187248149
1.2,1.2,1.2,1.0,7.2,0.8,6.4,0.0,1.0,7.0,5.2,0.0,,0.2,0.4,,,,1.8,0.6,2.0,15.0,0.0,0.0,0.0,2.0,,23.0,4.4,18.6,7.6,10.0,0.8,,,,9.6,13.2,5.8,9.2,,,,,,1.4,1.4,1.4,1.0,,1.2,0.4,,5.0,5.0,0.044,2.4,2.4,2.4,2.0,class,,,121afc6bdbddbbd764d0ecfaba3289f86942108b,2016-02-24 10:12:05-06:00,0.10693393187248149
,,,,,,,,,,,,5.0,,,,,,,,,,,,,,,,,,,,,,,,,,,,,,,,,,,,,,,,,,,,,,,,project,5.0,1.0,121afc6bdbddbbd764d0ecfaba3289f86942108b,2016-02-24 10:12:05-06:00,0.10693393187248149
,,,,,,,,,,,,,,,,,,,,,,,,,,1.6666666666666667,8.222222222222221,1.0,7.222222222222222,1.8888888888888888,5.0,0.3333333333333333,3.2222222222222223,1.2222222222222223,0.0,4.666666666666667,6.0,2.0,4.777777777777778,1.2222222222222223,1.2222222222222223,1.2222222222222223,1.0,0.0,,,,,0.0,,0.2222222222222222,0.0,,,0.0522222222222222,1.2222222222222223,1.2222222222222223,1.2222222222222223,1.0,method,,,f346089a7ffdec0045e1d5771ac14ba84a274a60,2016-02-26 07:30:15-06:00,0.10693393187248149
1.2,1.2,1.2,1.0,7.2,0.8,6.4,0.0,1.0,7.0,5.2,0.0,,0.2,0.4,,,,1.8,0.6,2.0,15.0,0.0,0.0,0.0,2.0,,23.0,4.4,18.6,7.6,10.0,0.8,,,,9.6,13.2,5.8,9.2,,,,,,1.4,1.4,1.4,1.0,,1.2,0.4,,5.0,5.0,0.044,2.4,2.4,2.4,2.0,class,,,f346089a7ffdec0045e1d5771ac14ba84a274a60,2016-02-26 07:30:15-06:00,0.10693393187248149
,,,,,,,,,,,,5.0,,,,,,,,,,,,,,,,,,,,,,,,,,,,,,,,,,,,,,,,,,,,,,,,project,5.0,1.0,f346089a7ffdec0045e1d5771ac14ba84a274a60,2016-02-26 07:30:15-06:00,0.10693393187248149
,,,,,,,,,,,,,,,,,,,,,,,,,,1.6666666666666667,8.222222222222221,1.0,7.222222222222222,1.8888888888888888,5.0,0.3333333333333333,3.2222222222222223,1.2222222222222223,0.0,4.666666666666667,6.0,2.0,4.777777777777778,1.2222222222222223,1.2222222222222223,1.2222222222222223,1.0,0.0,,,,,0.0,,0.2222222222222222,0.0,,,0.0522222222222222,1.2222222222222223,1.2222222222222223,1.2222222222222223,1.0,method,,,9ef724a91daa26ea427452d080eeed66a8ddbadc,2016-05-06 09:49:11-05:00,0.10693393187248149
1.2,1.2,1.2,1.0,7.2,0.8,6.4,0.0,1.0,7.0,5.2,0.0,,0.2,0.4,,,,1.8,0.6,2.0,15.0,0.0,0.0,0.0,2.0,,23.0,4.4,18.6,7.6,10.0,0.8,,,,9.6,13.2,5.8,9.2,,,,,,1.4,1.4,1.4,1.0,,1.2,0.4,,5.0,5.0,0.044,2.4,2.4,2.4,2.0,class,,,9ef724a91daa26ea427452d080eeed66a8ddbadc,2016-05-06 09:49:11-05:00,0.10693393187248149
,,,,,,,,,,,,5.0,,,,,,,,,,,,,,,,,,,,,,,,,,,,,,,,,,,,,,,,,,,,,,,,project,5.0,1.0,9ef724a91daa26ea427452d080eeed66a8ddbadc,2016-05-06 09:49:11-05:00,0.10693393187248149
,,,,,,,,,,,,,,,,,,,,,,,,,,1.6666666666666667,8.222222222222221,1.0,7.222222222222222,1.8888888888888888,5.0,0.3333333333333333,3.2222222222222223,1.2222222222222223,0.0,4.666666666666667,6.0,2.0,4.777777777777778,1.2222222222222223,1.2222222222222223,1.2222222222222223,1.0,0.0,,,,,0.0,,0.2222222222222222,0.0,,,0.0522222222222222,1.2222222222222223,1.2222222222222223,1.2222222222222223,1.0,method,,,c7229430eda40b23a3e479b1c2e1ccc56c2098c0,2016-05-10 10:26:42-05:00,0.10693393187248149
1.2,1.2,1.2,1.0,7.2,0.8,6.4,0.0,1.0,7.0,5.2,0.0,,0.2,0.4,,,,1.8,0.6,2.0,15.0,0.0,0.0,0.0,2.0,,23.0,4.4,18.6,7.6,10.0,0.8,,,,9.6,13.2,5.8,9.2,,,,,,1.4,1.4,1.4,1.0,,1.2,0.4,,5.0,5.0,0.044,2.4,2.4,2.4,2.0,class,,,c7229430eda40b23a3e479b1c2e1ccc56c2098c0,2016-05-10 10:26:42-05:00,0.10693393187248149
,,,,,,,,,,,,5.0,,,,,,,,,,,,,,,,,,,,,,,,,,,,,,,,,,,,,,,,,,,,,,,,project,5.0,1.0,c7229430eda40b23a3e479b1c2e1ccc56c2098c0,2016-05-10 10:26:42-05:00,0.10693393187248149
,,,,,,,,,,,,,,,,,,,,,,,,,,1.6666666666666667,8.222222222222221,1.0,7.222222222222222,1.8888888888888888,5.0,0.3333333333333333,3.2222222222222223,1.2222222222222223,0.0,4.666666666666667,6.0,2.0,4.777777777777778,1.2222222222222223,1.2222222222222223,1.2222222222222223,1.0,0.0,,,,,0.0,,0.2222222222222222,0.0,,,0.0522222222222222,1.2222222222222223,1.2222222222222223,1.2222222222222223,1.0,method,,,7722f18fe154c1ec09923f4faf5260c33102c8b1,2016-06-27 15:23:22-05:00,0.10693393187248149
1.2,1.2,1.2,1.0,7.2,0.8,6.4,0.0,1.0,7.0,5.2,0.0,,0.2,0.4,,,,1.8,0.6,2.0,15.0,0.0,0.0,0.0,2.0,,23.0,4.4,18.6,7.6,10.0,0.8,,,,9.6,13.2,5.8,9.2,,,,,,1.4,1.4,1.4,1.0,,1.2,0.4,,5.0,5.0,0.044,2.4,2.4,2.4,2.0,class,,,7722f18fe154c1ec09923f4faf5260c33102c8b1,2016-06-27 15:23:22-05:00,0.10693393187248149
,,,,,,,,,,,,5.0,,,,,,,,,,,,,,,,,,,,,,,,,,,,,,,,,,,,,,,,,,,,,,,,project,5.0,1.0,7722f18fe154c1ec09923f4faf5260c33102c8b1,2016-06-27 15:23:22-05:00,0.10693393187248149
,,,,,,,,,,,,,,,,,,,,,,,,,,1.6666666666666667,8.222222222222221,1.0,7.222222222222222,1.8888888888888888,5.0,0.3333333333333333,3.2222222222222223,1.2222222222222223,0.0,4.666666666666667,6.0,2.0,4.777777777777778,1.2222222222222223,1.2222222222222223,1.2222222222222223,1.0,0.0,,,,,0.0,,0.2222222222222222,0.0,,,0.0522222222222222,1.2222222222222223,1.2222222222222223,1.2222222222222223,1.0,method,,,bdea2e357936aab1048d234c27cfedc3a2011f37,2016-07-02 10:10:41+01:00,0.10693393187248149
1.2,1.2,1.2,1.0,7.2,0.8,6.4,0.0,1.0,7.0,5.2,0.0,,0.2,0.4,,,,1.8,0.6,2.0,15.0,0.0,0.0,0.0,2.0,,23.0,4.4,18.6,7.6,10.0,0.8,,,,9.6,13.2,5.8,9.2,,,,,,1.4,1.4,1.4,1.0,,1.2,0.4,,5.0,5.0,0.044,2.4,2.4,2.4,2.0,class,,,bdea2e357936aab1048d234c27cfedc3a2011f37,2016-07-02 10:10:41+01:00,0.10693393187248149
,,,,,,,,,,,,5.0,,,,,,,,,,,,,,,,,,,,,,,,,,,,,,,,,,,,,,,,,,,,,,,,project,5.0,1.0,bdea2e357936aab1048d234c27cfedc3a2011f37,2016-07-02 10:10:41+01:00,0.10693393187248149
,,,,,,,,,,,,,,,,,,,,,,,,,,1.6666666666666667,8.222222222222221,1.0,7.222222222222222,1.8888888888888888,5.0,0.3333333333333333,3.2222222222222223,1.2222222222222223,0.0,4.666666666666667,6.0,2.0,4.777777777777778,1.2222222222222223,1.2222222222222223,1.2222222222222223,1.0,0.0,,,,,0.0,,0.2222222222222222,0.0,,,0.0522222222222222,1.2222222222222223,1.2222222222222223,1.2222222222222223,1.0,method,,,ac74d30ae510ce58005ca6ba5096db84cdb5fba6,2016-07-05 13:52:39-05:00,0.10693393187248149
1.2,1.2,1.2,1.0,7.2,0.8,6.4,0.0,1.0,7.0,5.2,0.0,,0.2,0.4,,,,1.8,0.6,2.0,15.0,0.0,0.0,0.0,2.0,,23.0,4.4,18.6,7.6,10.0,0.8,,,,9.6,13.2,5.8,9.2,,,,,,1.4,1.4,1.4,1.0,,1.2,0.4,,5.0,5.0,0.044,2.4,2.4,2.4,2.0,class,,,ac74d30ae510ce58005ca6ba5096db84cdb5fba6,2016-07-05 13:52:39-05:00,0.10693393187248149
,,,,,,,,,,,,5.0,,,,,,,,,,,,,,,,,,,,,,,,,,,,,,,,,,,,,,,,,,,,,,,,project,5.0,1.0,ac74d30ae510ce58005ca6ba5096db84cdb5fba6,2016-07-05 13:52:39-05:00,0.10693393187248149
,,,,,,,,,,,,,,,,,,,,,,,,,,1.6666666666666667,8.222222222222221,1.0,7.222222222222222,1.8888888888888888,5.0,0.3333333333333333,3.2222222222222223,1.2222222222222223,0.0,4.666666666666667,6.0,2.0,4.777777777777778,1.2222222222222223,1.2222222222222223,1.2222222222222223,1.0,0.0,,,,,0.0,,0.2222222222222222,0.0,,,0.0522222222222222,1.2222222222222223,1.2222222222222223,1.2222222222222223,1.0,method,,,3f51e97cc4b8e5541e7f95bd802008fe379d348b,2016-07-28 06:53:10-05:00,0.10693393187248149
1.2,1.2,1.2,1.0,7.2,0.8,6.4,0.0,1.0,7.0,5.2,0.0,,0.2,0.4,,,,1.8,0.6,2.0,15.0,0.0,0.0,0.0,2.0,,23.0,4.4,18.6,7.6,10.0,0.8,,,,9.6,13.2,5.8,9.2,,,,,,1.4,1.4,1.4,1.0,,1.2,0.4,,5.0,5.0,0.044,2.4,2.4,2.4,2.0,class,,,3f51e97cc4b8e5541e7f95bd802008fe379d348b,2016-07-28 06:53:10-05:00,0.10693393187248149
,,,,,,,,,,,,5.0,,,,,,,,,,,,,,,,,,,,,,,,,,,,,,,,,,,,,,,,,,,,,,,,project,5.0,1.0,3f51e97cc4b8e5541e7f95bd802008fe379d348b,2016-07-28 06:53:10-05:00,0.10693393187248149
,,,,,,,,,,,,,,,,,,,,,,,,,,1.6666666666666667,8.222222222222221,1.0,7.222222222222222,1.8888888888888888,5.0,0.3333333333333333,3.2222222222222223,1.2222222222222223,0.0,4.666666666666667,6.0,2.0,4.777777777777778,1.2222222222222223,1.2222222222222223,1.2222222222222223,1.0,0.0,,,,,0.0,,0.2222222222222222,0.0,,,0.0522222222222222,1.2222222222222223,1.2222222222222223,1.2222222222222223,1.0,method,,,ee2e0de7ccc5353fc7f6a6e5a500d43227f719cd,2016-07-29 11:29:31-05:00,0.10693393187248149
1.2,1.2,1.2,1.0,7.2,0.8,6.4,0.0,1.0,7.0,5.2,0.0,,0.2,0.4,,,,1.8,0.6,2.0,15.0,0.0,0.0,0.0,2.0,,23.0,4.4,18.6,7.6,10.0,0.8,,,,9.6,13.2,5.8,9.2,,,,,,1.4,1.4,1.4,1.0,,1.2,0.4,,5.0,5.0,0.044,2.4,2.4,2.4,2.0,class,,,ee2e0de7ccc5353fc7f6a6e5a500d43227f719cd,2016-07-29 11:29:31-05:00,0.10693393187248149
,,,,,,,,,,,,5.0,,,,,,,,,,,,,,,,,,,,,,,,,,,,,,,,,,,,,,,,,,,,,,,,project,5.0,1.0,ee2e0de7ccc5353fc7f6a6e5a500d43227f719cd,2016-07-29 11:29:31-05:00,0.10693393187248149
,,,,,,,,,,,,,,,,,,,,,,,,,,1.6666666666666667,8.222222222222221,1.0,7.222222222222222,1.8888888888888888,5.0,0.3333333333333333,3.2222222222222223,1.2222222222222223,0.0,4.666666666666667,6.0,2.0,4.777777777777778,1.2222222222222223,1.2222222222222223,1.2222222222222223,1.0,0.0,,,,,0.0,,0.2222222222222222,0.0,,,0.0522222222222222,1.2222222222222223,1.2222222222222223,1.2222222222222223,1.0,method,,,3a4c5ee44f6dd37db00b4c0d675a35db8de38a0b,2016-08-26 16:45:28+01:00,0.10693393187248149
1.2,1.2,1.2,1.0,7.2,0.8,6.4,0.0,1.0,7.0,5.2,0.0,,0.2,0.4,,,,1.8,0.6,2.0,15.0,0.0,0.0,0.0,2.0,,23.0,4.4,18.6,7.6,10.0,0.8,,,,9.6,13.2,5.8,9.2,,,,,,1.4,1.4,1.4,1.0,,1.2,0.4,,5.0,5.0,0.044,2.4,2.4,2.4,2.0,class,,,3a4c5ee44f6dd37db00b4c0d675a35db8de38a0b,2016-08-26 16:45:28+01:00,0.10693393187248149
,,,,,,,,,,,,5.0,,,,,,,,,,,,,,,,,,,,,,,,,,,,,,,,,,,,,,,,,,,,,,,,project,5.0,1.0,3a4c5ee44f6dd37db00b4c0d675a35db8de38a0b,2016-08-26 16:45:28+01:00,0.10693393187248149
,,,,,,,,,,,,,,,,,,,,,,,,,,1.6666666666666667,8.222222222222221,1.0,7.222222222222222,1.8888888888888888,5.0,0.3333333333333333,3.2222222222222223,1.2222222222222223,0.0,4.666666666666667,6.0,2.0,4.777777777777778,1.2222222222222223,1.2222222222222223,1.2222222222222223,1.0,0.0,,,,,0.0,,0.2222222222222222,0.0,,,0.0522222222222222,1.2222222222222223,1.2222222222222223,1.2222222222222223,1.0,method,,,777ee26f767ddb78b3ed30c5162dfc632e4654b7,2016-08-29 13:18:16-05:00,0.10693393187248149
1.2,1.2,1.2,1.0,7.2,0.8,6.4,0.0,1.0,7.0,5.2,0.0,,0.2,0.4,,,,1.8,0.6,2.0,15.0,0.0,0.0,0.0,2.0,,23.0,4.4,18.6,7.6,10.0,0.8,,,,9.6,13.2,5.8,9.2,,,,,,1.4,1.4,1.4,1.0,,1.2,0.4,,5.0,5.0,0.044,2.4,2.4,2.4,2.0,class,,,777ee26f767ddb78b3ed30c5162dfc632e4654b7,2016-08-29 13:18:16-05:00,0.10693393187248149
,,,,,,,,,,,,5.0,,,,,,,,,,,,,,,,,,,,,,,,,,,,,,,,,,,,,,,,,,,,,,,,project,5.0,1.0,777ee26f767ddb78b3ed30c5162dfc632e4654b7,2016-08-29 13:18:16-05:00,0.10693393187248149
,,,,,,,,,,,,,,,,,,,,,,,,,,1.6666666666666667,8.444444444444445,1.1111111111111112,7.333333333333333,2.0,5.111111111111111,0.3333333333333333,3.333333333333333,1.2222222222222223,0.0,4.777777777777778,6.111111111111111,2.111111111111111,4.888888888888889,1.2222222222222223,1.2222222222222223,1.2222222222222223,1.0,0.0,,,,,0.0,,0.2222222222222222,0.0,,,0.0488888888888889,1.2222222222222223,1.2222222222222223,1.2222222222222223,1.0,method,,,eb34b8e030aabfeccdd34f4cf5f1ea26cf2e35df,2016-08-29 22:44:16-05:00,0.10693393187248149
1.2,1.2,1.2,1.0,7.4,0.8,6.4,0.0,1.0,7.0,5.2,0.0,,0.2,0.4,,,,1.8,0.6,2.0,15.0,0.0,0.0,0.0,2.0,,23.0,4.4,18.6,7.8,10.2,0.8,,,,9.8,13.4,6.0,9.4,,,,,,1.4,1.4,1.4,1.0,,1.2,0.4,,5.0,5.0,0.044,2.4,2.4,2.4,2.0,class,,,eb34b8e030aabfeccdd34f4cf5f1ea26cf2e35df,2016-08-29 22:44:16-05:00,0.10693393187248149
,,,,,,,,,,,,5.0,,,,,,,,,,,,,,,,,,,,,,,,,,,,,,,,,,,,,,,,,,,,,,,,project,5.0,1.0,eb34b8e030aabfeccdd34f4cf5f1ea26cf2e35df,2016-08-29 22:44:16-05:00,0.10693393187248149
,,,,,,,,,,,,,,,,,,,,,,,,,,1.6666666666666667,8.444444444444445,1.1111111111111112,7.333333333333333,2.0,5.111111111111111,0.3333333333333333,3.333333333333333,1.2222222222222223,0.0,4.777777777777778,6.111111111111111,2.111111111111111,4.888888888888889,1.2222222222222223,1.2222222222222223,1.2222222222222223,1.0,0.0,,,,,0.0,,0.2222222222222222,0.0,,,0.0488888888888889,1.2222222222222223,1.2222222222222223,1.2222222222222223,1.0,method,,,407f1cb683cf8f965af0674e3c45103c690ebe96,2016-09-23 16:36:26-05:00,0.10693393187248149
1.2,1.2,1.2,1.0,7.4,0.8,6.4,0.0,1.0,7.0,5.2,0.0,,0.2,0.4,,,,1.8,0.6,2.0,15.0,0.0,0.0,0.0,2.0,,23.0,4.4,18.6,7.8,10.2,0.8,,,,9.8,13.4,6.0,9.4,,,,,,1.4,1.4,1.4,1.0,,1.2,0.4,,5.0,5.0,0.044,2.4,2.4,2.4,2.0,class,,,407f1cb683cf8f965af0674e3c45103c690ebe96,2016-09-23 16:36:26-05:00,0.10693393187248149
,,,,,,,,,,,,5.0,,,,,,,,,,,,,,,,,,,,,,,,,,,,,,,,,,,,,,,,,,,,,,,,project,5.0,1.0,407f1cb683cf8f965af0674e3c45103c690ebe96,2016-09-23 16:36:26-05:00,0.10693393187248149
,,,,,,,,,,,,,,,,,,,,,,,,,,1.6666666666666667,8.444444444444445,1.1111111111111112,7.333333333333333,2.0,5.111111111111111,0.3333333333333333,3.333333333333333,1.2222222222222223,0.0,4.777777777777778,6.111111111111111,2.111111111111111,4.888888888888889,1.2222222222222223,1.2222222222222223,1.2222222222222223,1.0,0.0,,,,,0.0,,0.2222222222222222,0.0,,,0.0488888888888889,1.2222222222222223,1.2222222222222223,1.2222222222222223,1.0,method,,,77e5c58850c0b4a982b9336b2abab5e1e9f9f0f0,2016-11-08 11:52:48-06:00,0.10693393187248149
1.2,1.2,1.2,1.0,7.4,0.8,6.4,0.0,1.0,7.0,5.2,0.0,,0.2,0.4,,,,1.8,0.6,2.0,15.0,0.0,0.0,0.0,2.0,,23.0,4.4,18.6,7.8,10.2,0.8,,,,9.8,13.4,6.0,9.4,,,,,,1.4,1.4,1.4,1.0,,1.2,0.4,,5.0,5.0,0.044,2.4,2.4,2.4,2.0,class,,,77e5c58850c0b4a982b9336b2abab5e1e9f9f0f0,2016-11-08 11:52:48-06:00,0.10693393187248149
,,,,,,,,,,,,5.0,,,,,,,,,,,,,,,,,,,,,,,,,,,,,,,,,,,,,,,,,,,,,,,,project,5.0,1.0,77e5c58850c0b4a982b9336b2abab5e1e9f9f0f0,2016-11-08 11:52:48-06:00,0.10693393187248149
,,,,,,,,,,,,,,,,,,,,,,,,,,1.6666666666666667,8.444444444444445,1.1111111111111112,7.333333333333333,2.0,5.111111111111111,0.3333333333333333,3.333333333333333,1.2222222222222223,0.0,4.777777777777778,6.111111111111111,2.111111111111111,4.888888888888889,1.2222222222222223,1.2222222222222223,1.2222222222222223,1.0,0.0,,,,,0.0,,0.2222222222222222,0.0,,,0.0488888888888889,1.2222222222222223,1.2222222222222223,1.2222222222222223,1.0,method,,,c5042c2cb02d8c1e6030b9c1e0a9a55085bf4c92,2016-11-30 10:06:51-06:00,0.10693393187248149
1.2,1.2,1.2,1.0,7.4,0.8,6.4,0.0,1.0,7.0,5.2,0.0,,0.2,0.4,,,,1.8,0.6,2.0,15.0,0.0,0.0,0.0,2.0,,23.0,4.4,18.6,7.8,10.2,0.8,,,,9.8,13.4,6.0,9.4,,,,,,1.4,1.4,1.4,1.0,,1.2,0.4,,5.0,5.0,0.044,2.4,2.4,2.4,2.0,class,,,c5042c2cb02d8c1e6030b9c1e0a9a55085bf4c92,2016-11-30 10:06:51-06:00,0.10693393187248149
,,,,,,,,,,,,5.0,,,,,,,,,,,,,,,,,,,,,,,,,,,,,,,,,,,,,,,,,,,,,,,,project,5.0,1.0,c5042c2cb02d8c1e6030b9c1e0a9a55085bf4c92,2016-11-30 10:06:51-06:00,0.10693393187248149
,,,,,,,,,,,,,,,,,,,,,,,,,,1.6666666666666667,8.444444444444445,1.1111111111111112,7.333333333333333,2.0,5.111111111111111,0.3333333333333333,3.333333333333333,1.2222222222222223,0.0,4.777777777777778,6.111111111111111,2.111111111111111,4.888888888888889,1.2222222222222223,1.2222222222222223,1.2222222222222223,1.0,0.0,,,,,0.0,,0.2222222222222222,0.0,,,0.0488888888888889,1.2222222222222223,1.2222222222222223,1.2222222222222223,1.0,method,,,7b9ccad01d9406ec3b9723df64713348cb63de41,2016-12-22 22:33:10-06:00,0.10693393187248149
1.2,1.2,1.2,1.0,7.4,0.8,6.4,0.0,1.0,7.0,5.2,0.0,,0.2,0.4,,,,1.8,0.6,2.0,15.0,0.0,0.0,0.0,2.0,,23.0,4.4,18.6,7.8,10.2,0.8,,,,9.8,13.4,6.0,9.4,,,,,,1.4,1.4,1.4,1.0,,1.2,0.4,,5.0,5.0,0.044,2.4,2.4,2.4,2.0,class,,,7b9ccad01d9406ec3b9723df64713348cb63de41,2016-12-22 22:33:10-06:00,0.10693393187248149
,,,,,,,,,,,,5.0,,,,,,,,,,,,,,,,,,,,,,,,,,,,,,,,,,,,,,,,,,,,,,,,project,5.0,1.0,7b9ccad01d9406ec3b9723df64713348cb63de41,2016-12-22 22:33:10-06:00,0.10693393187248149
,,,,,,,,,,,,,,,,,,,,,,,,,,1.6666666666666667,8.444444444444445,1.1111111111111112,7.333333333333333,2.0,5.111111111111111,0.3333333333333333,3.333333333333333,1.2222222222222223,0.0,4.777777777777778,6.111111111111111,2.111111111111111,4.888888888888889,1.2222222222222223,1.2222222222222223,1.2222222222222223,1.0,0.0,,,,,0.0,,0.2222222222222222,0.0,,,0.0488888888888889,1.2222222222222223,1.2222222222222223,1.2222222222222223,1.0,method,,,c652e5d2129b92ce908fe6905224c6836ba27d4d,2017-01-26 12:37:51-06:00,0.10693393187248149
1.2,1.2,1.2,1.0,7.4,0.8,6.4,0.0,1.0,7.0,5.2,0.0,,0.2,0.4,,,,1.8,0.6,2.0,15.0,0.0,0.0,0.0,2.0,,23.0,4.4,18.6,7.8,10.2,0.8,,,,9.8,13.4,6.0,9.4,,,,,,1.4,1.4,1.4,1.0,,1.2,0.4,,5.0,5.0,0.044,2.4,2.4,2.4,2.0,class,,,c652e5d2129b92ce908fe6905224c6836ba27d4d,2017-01-26 12:37:51-06:00,0.10693393187248149
,,,,,,,,,,,,5.0,,,,,,,,,,,,,,,,,,,,,,,,,,,,,,,,,,,,,,,,,,,,,,,,project,5.0,1.0,c652e5d2129b92ce908fe6905224c6836ba27d4d,2017-01-26 12:37:51-06:00,0.10693393187248149
,,,,,,,,,,,,,,,,,,,,,,,,,,1.6666666666666667,8.444444444444445,1.1111111111111112,7.333333333333333,2.0,5.111111111111111,0.3333333333333333,3.333333333333333,1.2222222222222223,0.0,4.777777777777778,6.111111111111111,2.111111111111111,4.888888888888889,1.2222222222222223,1.2222222222222223,1.2222222222222223,1.0,0.0,,,,,0.0,,0.2222222222222222,0.0,,,0.0488888888888889,1.2222222222222223,1.2222222222222223,1.2222222222222223,1.0,method,,,c290e6ce695caf32f6af2f39a9520394c9225f67,2017-01-26 12:48:12-06:00,0.10693393187248149
1.2,1.2,1.2,1.0,7.4,0.8,6.4,0.0,1.0,7.0,5.2,0.0,,0.2,0.4,,,,1.8,0.6,2.0,15.0,0.0,0.0,0.0,2.0,,23.0,4.4,18.6,7.8,10.2,0.8,,,,9.8,13.4,6.0,9.4,,,,,,1.4,1.4,1.4,1.0,,1.2,0.4,,5.0,5.0,0.044,2.4,2.4,2.4,2.0,class,,,c290e6ce695caf32f6af2f39a9520394c9225f67,2017-01-26 12:48:12-06:00,0.10693393187248149
,,,,,,,,,,,,5.0,,,,,,,,,,,,,,,,,,,,,,,,,,,,,,,,,,,,,,,,,,,,,,,,project,5.0,1.0,c290e6ce695caf32f6af2f39a9520394c9225f67,2017-01-26 12:48:12-06:00,0.10693393187248149
,,,,,,,,,,,,,,,,,,,,,,,,,,1.6666666666666667,8.444444444444445,1.1111111111111112,7.333333333333333,2.0,5.111111111111111,0.3333333333333333,3.333333333333333,1.2222222222222223,0.0,4.777777777777778,6.111111111111111,2.111111111111111,4.888888888888889,1.2222222222222223,1.2222222222222223,1.2222222222222223,1.0,0.0,,,,,0.0,,0.2222222222222222,0.0,,,0.0488888888888889,1.2222222222222223,1.2222222222222223,1.2222222222222223,1.0,method,,,65076f74a5998bf097d80405d804dc70f69a17a7,2017-01-30 11:38:46-06:00,0.10693393187248149
1.2,1.2,1.2,1.0,7.4,0.8,6.4,0.0,1.0,7.0,5.2,0.0,,0.2,0.4,,,,1.8,0.6,2.0,15.0,0.0,0.0,0.0,2.0,,23.0,4.4,18.6,7.8,10.2,0.8,,,,9.8,13.4,6.0,9.4,,,,,,1.4,1.4,1.4,1.0,,1.2,0.4,,5.0,5.0,0.044,2.4,2.4,2.4,2.0,class,,,65076f74a5998bf097d80405d804dc70f69a17a7,2017-01-30 11:38:46-06:00,0.10693393187248149
,,,,,,,,,,,,5.0,,,,,,,,,,,,,,,,,,,,,,,,,,,,,,,,,,,,,,,,,,,,,,,,project,5.0,1.0,65076f74a5998bf097d80405d804dc70f69a17a7,2017-01-30 11:38:46-06:00,0.10693393187248149
,,,,,,,,,,,,,,,,,,,,,,,,,,1.6666666666666667,8.444444444444445,1.1111111111111112,7.333333333333333,2.0,5.111111111111111,0.3333333333333333,3.333333333333333,1.2222222222222223,0.0,4.777777777777778,6.111111111111111,2.111111111111111,4.888888888888889,1.2222222222222223,1.2222222222222223,1.2222222222222223,1.0,0.0,,,,,0.0,,0.2222222222222222,0.0,,,0.0488888888888889,1.2222222222222223,1.2222222222222223,1.2222222222222223,1.0,method,,,7b57c7c980012e4a97c481a8b207275e86c2681d,2017-01-30 12:22:38-06:00,0.10693393187248149
1.2,1.2,1.2,1.0,7.4,0.8,6.4,0.0,1.0,7.0,5.2,0.0,,0.2,0.4,,,,1.8,0.6,2.0,15.0,0.0,0.0,0.0,2.0,,23.0,4.4,18.6,7.8,10.2,0.8,,,,9.8,13.4,6.0,9.4,,,,,,1.4,1.4,1.4,1.0,,1.2,0.4,,5.0,5.0,0.044,2.4,2.4,2.4,2.0,class,,,7b57c7c980012e4a97c481a8b207275e86c2681d,2017-01-30 12:22:38-06:00,0.10693393187248149
,,,,,,,,,,,,5.0,,,,,,,,,,,,,,,,,,,,,,,,,,,,,,,,,,,,,,,,,,,,,,,,project,5.0,1.0,7b57c7c980012e4a97c481a8b207275e86c2681d,2017-01-30 12:22:38-06:00,0.10693393187248149
,,,,,,,,,,,,,,,,,,,,,,,,,,1.6666666666666667,8.444444444444445,1.1111111111111112,7.333333333333333,2.0,5.111111111111111,0.3333333333333333,3.333333333333333,1.2222222222222223,0.0,4.777777777777778,6.111111111111111,2.111111111111111,4.888888888888889,1.2222222222222223,1.2222222222222223,1.2222222222222223,1.0,0.0,,,,,0.0,,0.2222222222222222,0.0,,,0.0488888888888889,1.2222222222222223,1.2222222222222223,1.2222222222222223,1.0,method,,,71cd380ffe2753b93d6cf0c1f7df476a222d1ee2,2017-01-30 23:31:53-06:00,0.10693393187248149
1.2,1.2,1.2,1.0,7.4,0.8,6.4,0.0,1.0,7.0,5.2,0.0,,0.2,0.4,,,,1.8,0.6,2.0,15.0,0.0,0.0,0.0,2.0,,23.0,4.4,18.6,7.8,10.2,0.8,,,,9.8,13.4,6.0,9.4,,,,,,1.4,1.4,1.4,1.0,,1.2,0.4,,5.0,5.0,0.044,2.4,2.4,2.4,2.0,class,,,71cd380ffe2753b93d6cf0c1f7df476a222d1ee2,2017-01-30 23:31:53-06:00,0.10693393187248149
,,,,,,,,,,,,5.0,,,,,,,,,,,,,,,,,,,,,,,,,,,,,,,,,,,,,,,,,,,,,,,,project,5.0,1.0,71cd380ffe2753b93d6cf0c1f7df476a222d1ee2,2017-01-30 23:31:53-06:00,0.10693393187248149
,,,,,,,,,,,,,,,,,,,,,,,,,,1.6666666666666667,8.444444444444445,1.1111111111111112,7.333333333333333,2.0,5.111111111111111,0.3333333333333333,3.333333333333333,1.2222222222222223,0.0,4.777777777777778,6.111111111111111,2.111111111111111,4.888888888888889,1.2222222222222223,1.2222222222222223,1.2222222222222223,1.0,0.0,,,,,0.0,,0.2222222222222222,0.0,,,0.0488888888888889,1.2222222222222223,1.2222222222222223,1.2222222222222223,1.0,method,,,6315a73a1cb4bf0742bd4b1c24c96bdc3bfd4673,2017-03-03 11:13:27-06:00,0.10693393187248149
1.2,1.2,1.2,1.0,7.4,0.8,6.4,0.0,1.0,7.0,5.2,0.0,,0.2,0.4,,,,1.8,0.6,2.0,15.0,0.0,0.0,0.0,2.0,,23.0,4.4,18.6,7.8,10.2,0.8,,,,9.8,13.4,6.0,9.4,,,,,,1.4,1.4,1.4,1.0,,1.2,0.4,,5.0,5.0,0.044,2.4,2.4,2.4,2.0,class,,,6315a73a1cb4bf0742bd4b1c24c96bdc3bfd4673,2017-03-03 11:13:27-06:00,0.10693393187248149
,,,,,,,,,,,,5.0,,,,,,,,,,,,,,,,,,,,,,,,,,,,,,,,,,,,,,,,,,,,,,,,project,5.0,1.0,6315a73a1cb4bf0742bd4b1c24c96bdc3bfd4673,2017-03-03 11:13:27-06:00,0.10693393187248149
,,,,,,,,,,,,,,,,,,,,,,,,,,1.6666666666666667,7.444444444444445,0.7777777777777778,6.666666666666667,1.8888888888888888,4.666666666666667,0.3333333333333333,3.333333333333333,1.0,0.0,4.555555555555555,5.555555555555555,1.8888888888888888,4.555555555555555,1.0,1.0,1.0,1.0,0.0,,,,,0.0,,0.0,0.0,,,0.0488888888888889,1.0,1.0,1.0,1.0,method,,,3ffa19dffaa88708e62e6bdfdecf5f7d03cd7ecc,2017-04-20 15:06:07+03:00,0.10699422142934054
1.0,1.0,1.0,1.0,6.4,0.4,5.8,0.0,1.0,7.0,5.2,0.0,,0.2,0.4,,,,1.8,0.6,2.0,15.0,0.0,0.0,0.0,2.0,,21.2,3.8,17.4,7.6,9.4,0.8,,,,9.4,12.4,5.6,8.8,,,,,,1.0,1.0,1.0,1.0,,1.2,0.0,,5.0,5.0,0.044,2.0,2.0,2.0,2.0,class,,,3ffa19dffaa88708e62e6bdfdecf5f7d03cd7ecc,2017-04-20 15:06:07+03:00,0.10699422142934054
,,,,,,,,,,,,5.0,,,,,,,,,,,,,,,,,,,,,,,,,,,,,,,,,,,,,,,,,,,,,,,,project,5.0,1.0,3ffa19dffaa88708e62e6bdfdecf5f7d03cd7ecc,2017-04-20 15:06:07+03:00,0.10699422142934054
,,,,,,,,,,,,,,,,,,,,,,,,,,1.6666666666666667,7.444444444444445,0.7777777777777778,6.666666666666667,1.8888888888888888,4.666666666666667,0.3333333333333333,3.333333333333333,1.0,0.0,4.555555555555555,5.555555555555555,1.8888888888888888,4.555555555555555,1.0,1.0,1.0,1.0,0.0,,,,,0.0,,0.0,0.0,,,0.0488888888888889,1.0,1.0,1.0,1.0,method,,,81504fed941713bb2692bc58102c435116024e58,2016-08-02 23:25:20+02:00,0.10699422142934054
1.0,1.0,1.0,1.0,6.4,0.4,5.8,0.0,1.0,7.0,5.2,0.0,,0.2,0.4,,,,1.8,0.6,2.0,15.0,0.0,0.0,0.0,2.0,,21.2,3.8,17.4,7.6,9.4,0.8,,,,9.4,12.4,5.6,8.8,,,,,,1.0,1.0,1.0,1.0,,1.2,0.0,,5.0,5.0,0.044,2.0,2.0,2.0,2.0,class,,,81504fed941713bb2692bc58102c435116024e58,2016-08-02 23:25:20+02:00,0.10699422142934054
,,,,,,,,,,,,5.0,,,,,,,,,,,,,,,,,,,,,,,,,,,,,,,,,,,,,,,,,,,,,,,,project,5.0,1.0,81504fed941713bb2692bc58102c435116024e58,2016-08-02 23:25:20+02:00,0.10699422142934054
,,,,,,,,,,,,,,,,,,,,,,,,,,1.6666666666666667,7.444444444444445,0.7777777777777778,6.666666666666667,1.8888888888888888,4.666666666666667,0.3333333333333333,3.333333333333333,1.0,0.0,4.555555555555555,5.555555555555555,1.8888888888888888,4.555555555555555,1.0,1.0,1.0,1.0,0.0,,,,,0.0,,0.0,0.0,,,0.0488888888888889,1.0,1.0,1.0,1.0,method,,,bf1ef2c95f659fedb51dcf44d32ca344c62c9b07,2017-04-21 09:20:31-05:00,0.10699422142934054
1.0,1.0,1.0,1.0,6.4,0.4,5.8,0.0,1.0,7.0,5.2,0.0,,0.2,0.4,,,,1.8,0.6,2.0,15.0,0.0,0.0,0.0,2.0,,21.2,3.8,17.4,7.6,9.4,0.8,,,,9.4,12.4,5.6,8.8,,,,,,1.0,1.0,1.0,1.0,,1.2,0.0,,5.0,5.0,0.044,2.0,2.0,2.0,2.0,class,,,bf1ef2c95f659fedb51dcf44d32ca344c62c9b07,2017-04-21 09:20:31-05:00,0.10699422142934054
,,,,,,,,,,,,5.0,,,,,,,,,,,,,,,,,,,,,,,,,,,,,,,,,,,,,,,,,,,,,,,,project,5.0,1.0,bf1ef2c95f659fedb51dcf44d32ca344c62c9b07,2017-04-21 09:20:31-05:00,0.10699422142934054
,,,,,,,,,,,,,,,,,,,,,,,,,,1.6666666666666667,7.444444444444445,0.7777777777777778,6.666666666666667,1.8888888888888888,4.666666666666667,0.3333333333333333,3.333333333333333,1.0,0.0,4.555555555555555,5.555555555555555,1.8888888888888888,4.555555555555555,1.0,1.0,1.0,1.0,0.0,,,,,0.0,,0.0,0.0,,,0.0488888888888889,1.0,1.0,1.0,1.0,method,,,ce9f967e103757dcccbe41067bbe55c82b422cee,2017-07-26 12:23:26-05:00,0.10699422142934054
1.0,1.0,1.0,1.0,6.4,0.4,5.8,0.0,1.0,7.0,5.2,0.0,,0.2,0.4,,,,1.8,0.6,2.0,15.0,0.0,0.0,0.0,2.0,,21.2,3.8,17.4,7.6,9.4,0.8,,,,9.4,12.4,5.6,8.8,,,,,,1.0,1.0,1.0,1.0,,1.2,0.0,,5.0,5.0,0.044,2.0,2.0,2.0,2.0,class,,,ce9f967e103757dcccbe41067bbe55c82b422cee,2017-07-26 12:23:26-05:00,0.10699422142934054
,,,,,,,,,,,,5.0,,,,,,,,,,,,,,,,,,,,,,,,,,,,,,,,,,,,,,,,,,,,,,,,project,5.0,1.0,ce9f967e103757dcccbe41067bbe55c82b422cee,2017-07-26 12:23:26-05:00,0.10699422142934054
,,,,,,,,,,,,,,,,,,,,,,,,,,1.6666666666666667,7.444444444444445,0.7777777777777778,6.666666666666667,1.8888888888888888,4.666666666666667,0.3333333333333333,3.333333333333333,1.0,0.0,4.555555555555555,5.555555555555555,1.8888888888888888,4.555555555555555,1.0,1.0,1.0,1.0,0.0,,,,,0.0,,0.0,0.0,,,0.0488888888888889,1.0,1.0,1.0,1.0,method,,,6a1152ed7942351563f31ba6259205a6bf26086f,2017-07-27 10:05:00-05:00,0.10699422142934054
1.0,1.0,1.0,1.0,6.4,0.4,5.8,0.0,1.0,7.0,5.2,0.0,,0.2,0.4,,,,1.8,0.6,2.0,15.0,0.0,0.0,0.0,2.0,,21.2,3.8,17.4,7.6,9.4,0.8,,,,9.4,12.4,5.6,8.8,,,,,,1.0,1.0,1.0,1.0,,1.2,0.0,,5.0,5.0,0.044,2.0,2.0,2.0,2.0,class,,,6a1152ed7942351563f31ba6259205a6bf26086f,2017-07-27 10:05:00-05:00,0.10699422142934054
,,,,,,,,,,,,5.0,,,,,,,,,,,,,,,,,,,,,,,,,,,,,,,,,,,,,,,,,,,,,,,,project,5.0,1.0,6a1152ed7942351563f31ba6259205a6bf26086f,2017-07-27 10:05:00-05:00,0.10699422142934054
,,,,,,,,,,,,,,,,,,,,,,,,,,1.6666666666666667,7.444444444444445,0.7777777777777778,6.666666666666667,1.8888888888888888,4.666666666666667,0.3333333333333333,3.333333333333333,1.0,0.0,4.555555555555555,5.555555555555555,1.8888888888888888,4.555555555555555,1.0,1.0,1.0,1.0,0.0,,,,,0.0,,0.0,0.0,,,0.0488888888888889,1.0,1.0,1.0,1.0,method,,,05c7ebe479fc9c90cac18b2d6528bbb737e51aa7,2017-09-13 13:15:47-05:00,0.10699422142934054
1.0,1.0,1.0,1.0,6.4,0.4,5.8,0.0,1.0,7.0,5.2,0.0,,0.2,0.4,,,,1.8,0.6,2.0,15.0,0.0,0.0,0.0,2.0,,21.2,3.8,17.4,7.6,9.4,0.8,,,,9.4,12.4,5.6,8.8,,,,,,1.0,1.0,1.0,1.0,,1.2,0.0,,5.0,5.0,0.044,2.0,2.0,2.0,2.0,class,,,05c7ebe479fc9c90cac18b2d6528bbb737e51aa7,2017-09-13 13:15:47-05:00,0.10699422142934054
,,,,,,,,,,,,5.0,,,,,,,,,,,,,,,,,,,,,,,,,,,,,,,,,,,,,,,,,,,,,,,,project,5.0,1.0,05c7ebe479fc9c90cac18b2d6528bbb737e51aa7,2017-09-13 13:15:47-05:00,0.10699422142934054
,,,,,,,,,,,,,,,,,,,,,,,,,,1.6666666666666667,7.444444444444445,0.7777777777777778,6.666666666666667,1.8888888888888888,4.666666666666667,0.3333333333333333,3.333333333333333,1.0,0.0,4.555555555555555,5.555555555555555,1.8888888888888888,4.555555555555555,1.0,1.0,1.0,1.0,0.0,,,,,0.0,,0.0,0.0,,,0.0488888888888889,1.0,1.0,1.0,1.0,method,,,af84f04fdd114602473b31d720daf463ad70a911,2017-10-17 15:42:43-05:00,0.10699422142934054
1.0,1.0,1.0,1.0,6.4,0.4,5.8,0.0,1.0,7.0,5.2,0.0,,0.2,0.4,,,,1.8,0.6,2.0,15.0,0.0,0.0,0.0,2.0,,21.2,3.8,17.4,7.6,9.4,0.8,,,,9.4,12.4,5.6,8.8,,,,,,1.0,1.0,1.0,1.0,,1.2,0.0,,5.0,5.0,0.044,2.0,2.0,2.0,2.0,class,,,af84f04fdd114602473b31d720daf463ad70a911,2017-10-17 15:42:43-05:00,0.10699422142934054
,,,,,,,,,,,,5.0,,,,,,,,,,,,,,,,,,,,,,,,,,,,,,,,,,,,,,,,,,,,,,,,project,5.0,1.0,af84f04fdd114602473b31d720daf463ad70a911,2017-10-17 15:42:43-05:00,0.10699422142934054
,,,,,,,,,,,,,,,,,,,,,,,,,,1.6666666666666667,7.444444444444445,0.7777777777777778,6.666666666666667,1.8888888888888888,4.666666666666667,0.3333333333333333,3.333333333333333,1.0,0.0,4.555555555555555,5.555555555555555,1.8888888888888888,4.555555555555555,1.0,1.0,1.0,1.0,0.0,,,,,0.0,,0.0,0.0,,,0.0488888888888889,1.0,1.0,1.0,1.0,method,,,08778dcc133408ba103d81f8efd7787cde22f052,2017-11-30 11:07:07-06:00,0.10699422142934054
1.0,1.0,1.0,1.0,6.4,0.4,5.8,0.0,1.0,7.0,5.2,0.0,,0.2,0.4,,,,1.8,0.6,2.0,15.0,0.0,0.0,0.0,2.0,,21.2,3.8,17.4,7.6,9.4,0.8,,,,9.4,12.4,5.6,8.8,,,,,,1.0,1.0,1.0,1.0,,1.2,0.0,,5.0,5.0,0.044,2.0,2.0,2.0,2.0,class,,,08778dcc133408ba103d81f8efd7787cde22f052,2017-11-30 11:07:07-06:00,0.10699422142934054
,,,,,,,,,,,,5.0,,,,,,,,,,,,,,,,,,,,,,,,,,,,,,,,,,,,,,,,,,,,,,,,project,5.0,1.0,08778dcc133408ba103d81f8efd7787cde22f052,2017-11-30 11:07:07-06:00,0.10699422142934054
,,,,,,,,,,,,,,,,,,,,,,,,,,1.6666666666666667,7.444444444444445,0.7777777777777778,6.666666666666667,1.8888888888888888,4.666666666666667,0.3333333333333333,3.333333333333333,1.0,0.0,4.555555555555555,5.555555555555555,1.8888888888888888,4.555555555555555,1.0,1.0,1.0,1.0,0.0,,,,,0.0,,0.0,0.0,,,0.0488888888888889,1.0,1.0,1.0,1.0,method,,,1afdd69839c9bfc4a2f402a9fa8e2d21a10608ad,2018-01-31 09:16:28-06:00,0.10699422142934054
1.0,1.0,1.0,1.0,6.4,0.4,5.8,0.0,1.0,7.0,5.2,0.0,,0.2,0.4,,,,1.8,0.6,2.0,15.0,0.0,0.0,0.0,2.0,,21.2,3.8,17.4,7.6,9.4,0.8,,,,9.4,12.4,5.6,8.8,,,,,,1.0,1.0,1.0,1.0,,1.2,0.0,,5.0,5.0,0.044,2.0,2.0,2.0,2.0,class,,,1afdd69839c9bfc4a2f402a9fa8e2d21a10608ad,2018-01-31 09:16:28-06:00,0.10699422142934054
,,,,,,,,,,,,5.0,,,,,,,,,,,,,,,,,,,,,,,,,,,,,,,,,,,,,,,,,,,,,,,,project,5.0,1.0,1afdd69839c9bfc4a2f402a9fa8e2d21a10608ad,2018-01-31 09:16:28-06:00,0.10699422142934054
,,,,,,,,,,,,,,,,,,,,,,,,,,1.6666666666666667,7.444444444444445,0.7777777777777778,6.666666666666667,1.8888888888888888,4.666666666666667,0.3333333333333333,3.333333333333333,1.0,0.0,4.555555555555555,5.555555555555555,1.8888888888888888,4.555555555555555,1.0,1.0,1.0,1.0,0.0,,,,,0.0,,0.0,0.0,,,0.0488888888888889,1.0,1.0,1.0,1.0,method,,,33a18022208ddcf0ce53e1c1154cbfa78a58b0cb,2018-03-01 09:21:13-06:00,0.10699422142934054
1.0,1.0,1.0,1.0,6.4,0.4,5.8,0.0,1.0,7.0,5.2,0.0,,0.2,0.4,,,,1.8,0.6,2.0,15.0,0.0,0.0,0.0,2.0,,21.2,3.8,17.4,7.6,9.4,0.8,,,,9.4,12.4,5.6,8.8,,,,,,1.0,1.0,1.0,1.0,,1.2,0.0,,5.0,5.0,0.044,2.0,2.0,2.0,2.0,class,,,33a18022208ddcf0ce53e1c1154cbfa78a58b0cb,2018-03-01 09:21:13-06:00,0.10699422142934054
,,,,,,,,,,,,5.0,,,,,,,,,,,,,,,,,,,,,,,,,,,,,,,,,,,,,,,,,,,,,,,,project,5.0,1.0,33a18022208ddcf0ce53e1c1154cbfa78a58b0cb,2018-03-01 09:21:13-06:00,0.10699422142934054
,,,,,,,,,,,,,,,,,,,,,,,,,,1.6666666666666667,7.444444444444445,0.7777777777777778,6.666666666666667,1.8888888888888888,4.666666666666667,0.3333333333333333,3.333333333333333,1.0,0.0,4.555555555555555,5.555555555555555,1.8888888888888888,4.555555555555555,1.0,1.0,1.0,1.0,0.0,,,,,0.0,,0.0,0.0,,,0.0488888888888889,1.0,1.0,1.0,1.0,method,,,73194f03f4cb06bdafafcbea139fb6a0786672e1,2018-03-01 09:53:52-06:00,0.10699422142934054
1.0,1.0,1.0,1.0,6.4,0.4,5.8,0.0,1.0,7.0,5.2,0.0,,0.2,0.4,,,,1.8,0.6,2.0,15.0,0.0,0.0,0.0,2.0,,21.2,3.8,17.4,7.6,9.4,0.8,,,,9.4,12.4,5.6,8.8,,,,,,1.0,1.0,1.0,1.0,,1.2,0.0,,5.0,5.0,0.044,2.0,2.0,2.0,2.0,class,,,73194f03f4cb06bdafafcbea139fb6a0786672e1,2018-03-01 09:53:52-06:00,0.10699422142934054
,,,,,,,,,,,,5.0,,,,,,,,,,,,,,,,,,,,,,,,,,,,,,,,,,,,,,,,,,,,,,,,project,5.0,1.0,73194f03f4cb06bdafafcbea139fb6a0786672e1,2018-03-01 09:53:52-06:00,0.10699422142934054
,,,,,,,,,,,,,,,,,,,,,,,,,,1.6666666666666667,7.444444444444445,0.7777777777777778,6.666666666666667,1.8888888888888888,4.666666666666667,0.3333333333333333,3.333333333333333,1.0,0.0,4.555555555555555,5.555555555555555,1.8888888888888888,4.555555555555555,1.0,1.0,1.0,1.0,0.0,,,,,0.0,,0.0,0.0,,,0.0488888888888889,1.0,1.0,1.0,1.0,method,,,3860cdff9883e686e66a297a00bab001e0d76e02,2018-04-02 13:03:58-05:00,0.10699422142934054
1.0,1.0,1.0,1.0,6.4,0.4,5.8,0.0,1.0,7.0,5.2,0.0,,0.2,0.4,,,,1.8,0.6,2.0,15.0,0.0,0.0,0.0,2.0,,21.2,3.8,17.4,7.6,9.4,0.8,,,,9.4,12.4,5.6,8.8,,,,,,1.0,1.0,1.0,1.0,,1.2,0.0,,5.0,5.0,0.044,2.0,2.0,2.0,2.0,class,,,3860cdff9883e686e66a297a00bab001e0d76e02,2018-04-02 13:03:58-05:00,0.10699422142934054
,,,,,,,,,,,,5.0,,,,,,,,,,,,,,,,,,,,,,,,,,,,,,,,,,,,,,,,,,,,,,,,project,5.0,1.0,3860cdff9883e686e66a297a00bab001e0d76e02,2018-04-02 13:03:58-05:00,0.10699422142934054
,,,,,,,,,,,,,,,,,,,,,,,,,,1.6666666666666667,7.444444444444445,0.7777777777777778,6.666666666666667,1.8888888888888888,4.666666666666667,0.3333333333333333,3.333333333333333,1.0,0.0,4.555555555555555,5.555555555555555,1.8888888888888888,4.555555555555555,1.0,1.0,1.0,1.0,0.0,,,,,0.0,,0.0,0.0,,,0.0488888888888889,1.0,1.0,1.0,1.0,method,,,176bcbc89b05cf8d47c56ac1de847a4a1216bcd8,2018-04-05 11:45:12-05:00,0.10699422142934054
1.0,1.0,1.0,1.0,6.4,0.4,5.8,0.0,1.0,7.0,5.2,0.0,,0.2,0.4,,,,1.8,0.6,2.0,15.0,0.0,0.0,0.0,2.0,,21.2,3.8,17.4,7.6,9.4,0.8,,,,9.4,12.4,5.6,8.8,,,,,,1.0,1.0,1.0,1.0,,1.2,0.0,,5.0,5.0,0.044,2.0,2.0,2.0,2.0,class,,,176bcbc89b05cf8d47c56ac1de847a4a1216bcd8,2018-04-05 11:45:12-05:00,0.10699422142934054
,,,,,,,,,,,,5.0,,,,,,,,,,,,,,,,,,,,,,,,,,,,,,,,,,,,,,,,,,,,,,,,project,5.0,1.0,176bcbc89b05cf8d47c56ac1de847a4a1216bcd8,2018-04-05 11:45:12-05:00,0.10699422142934054
,,,,,,,,,,,,,,,,,,,,,,,,,,1.6666666666666667,7.444444444444445,0.7777777777777778,6.666666666666667,1.8888888888888888,4.666666666666667,0.3333333333333333,3.333333333333333,1.0,0.0,4.555555555555555,5.555555555555555,1.8888888888888888,4.555555555555555,1.0,1.0,1.0,1.0,0.0,,,,,0.0,,0.0,0.0,,,0.0488888888888889,1.0,1.0,1.0,1.0,method,,,df5a11956e32bcdaf00e4855e52be0e68471ada1,2018-05-09 11:26:48-05:00,0.10699422142934054
1.0,1.0,1.0,1.0,6.4,0.4,5.8,0.0,1.0,7.0,5.2,0.0,,0.2,0.4,,,,1.8,0.6,2.0,15.0,0.0,0.0,0.0,2.0,,21.2,3.8,17.4,7.6,9.4,0.8,,,,9.4,12.4,5.6,8.8,,,,,,1.0,1.0,1.0,1.0,,1.2,0.0,,5.0,5.0,0.044,2.0,2.0,2.0,2.0,class,,,df5a11956e32bcdaf00e4855e52be0e68471ada1,2018-05-09 11:26:48-05:00,0.10699422142934054
,,,,,,,,,,,,5.0,,,,,,,,,,,,,,,,,,,,,,,,,,,,,,,,,,,,,,,,,,,,,,,,project,5.0,1.0,df5a11956e32bcdaf00e4855e52be0e68471ada1,2018-05-09 11:26:48-05:00,0.10699422142934054
,,,,,,,,,,,,,,,,,,,,,,,,,,1.6666666666666667,7.444444444444445,0.7777777777777778,6.666666666666667,1.8888888888888888,4.666666666666667,0.3333333333333333,3.333333333333333,1.0,0.0,4.555555555555555,5.555555555555555,1.8888888888888888,4.555555555555555,1.0,1.0,1.0,1.0,0.0,,,,,0.0,,0.0,0.0,,,0.0488888888888889,1.0,1.0,1.0,1.0,method,,,f32ec099ee52e0cccdd522573881487568a6ff6a,2018-06-18 16:17:06-05:00,0.10699422142934054
1.0,1.0,1.0,1.0,6.4,0.4,5.8,0.0,1.0,7.0,5.2,0.0,,0.2,0.4,,,,1.8,0.6,2.0,15.0,0.0,0.0,0.0,2.0,,21.2,3.8,17.4,7.6,9.4,0.8,,,,9.4,12.4,5.6,8.8,,,,,,1.0,1.0,1.0,1.0,,1.2,0.0,,5.0,5.0,0.044,2.0,2.0,2.0,2.0,class,,,f32ec099ee52e0cccdd522573881487568a6ff6a,2018-06-18 16:17:06-05:00,0.10699422142934054
,,,,,,,,,,,,5.0,,,,,,,,,,,,,,,,,,,,,,,,,,,,,,,,,,,,,,,,,,,,,,,,project,5.0,1.0,f32ec099ee52e0cccdd522573881487568a6ff6a,2018-06-18 16:17:06-05:00,0.10699422142934054
,,,,,,,,,,,,,,,,,,,,,,,,,,1.6666666666666667,7.444444444444445,0.7777777777777778,6.666666666666667,1.8888888888888888,4.666666666666667,0.3333333333333333,3.333333333333333,1.0,0.0,4.555555555555555,5.555555555555555,1.8888888888888888,4.555555555555555,1.0,1.0,1.0,1.0,0.0,,,,,0.0,,0.0,0.0,,,0.0488888888888889,1.0,1.0,1.0,1.0,method,,,94b2187ba75db998d6329696c64c0be2c5ac4c6e,2018-09-17 10:50:59-05:00,0.10699422142934054
1.0,1.0,1.0,1.0,6.4,0.4,5.8,0.0,1.0,7.0,5.2,0.0,,0.2,0.4,,,,1.8,0.6,2.0,15.0,0.0,0.0,0.0,2.0,,21.2,3.8,17.4,7.6,9.4,0.8,,,,9.4,12.4,5.6,8.8,,,,,,1.0,1.0,1.0,1.0,,1.2,0.0,,5.0,5.0,0.044,2.0,2.0,2.0,2.0,class,,,94b2187ba75db998d6329696c64c0be2c5ac4c6e,2018-09-17 10:50:59-05:00,0.10699422142934054
,,,,,,,,,,,,5.0,,,,,,,,,,,,,,,,,,,,,,,,,,,,,,,,,,,,,,,,,,,,,,,,project,5.0,1.0,94b2187ba75db998d6329696c64c0be2c5ac4c6e,2018-09-17 10:50:59-05:00,0.10699422142934054
,,,,,,,,,,,,,,,,,,,,,,,,,,1.6666666666666667,7.444444444444445,0.7777777777777778,6.666666666666667,1.8888888888888888,4.666666666666667,0.3333333333333333,3.333333333333333,1.0,0.0,4.555555555555555,5.555555555555555,1.8888888888888888,4.555555555555555,1.0,1.0,1.0,1.0,0.0,,,,,0.0,,0.0,0.0,,,0.0488888888888889,1.0,1.0,1.0,1.0,method,,,b65c3e79955326521a99283a3c86232cdc67975d,2019-03-15 08:17:56-07:00,0.10699422142934054
1.0,1.0,1.0,1.0,6.4,0.4,5.8,0.0,1.0,7.0,5.2,0.0,,0.2,0.4,,,,1.8,0.6,2.0,15.0,0.0,0.0,0.0,2.0,,21.2,3.8,17.4,7.6,9.4,0.8,,,,9.4,12.4,5.6,8.8,,,,,,1.0,1.0,1.0,1.0,,1.2,0.0,,5.0,5.0,0.044,2.0,2.0,2.0,2.0,class,,,b65c3e79955326521a99283a3c86232cdc67975d,2019-03-15 08:17:56-07:00,0.10699422142934054
,,,,,,,,,,,,5.0,,,,,,,,,,,,,,,,,,,,,,,,,,,,,,,,,,,,,,,,,,,,,,,,project,5.0,1.0,b65c3e79955326521a99283a3c86232cdc67975d,2019-03-15 08:17:56-07:00,0.10699422142934054
,,,,,,,,,,,,,,,,,,,,,,,,,,1.6666666666666667,7.444444444444445,0.7777777777777778,6.666666666666667,1.8888888888888888,4.666666666666667,0.3333333333333333,3.333333333333333,1.0,0.0,4.555555555555555,5.555555555555555,1.8888888888888888,4.555555555555555,1.0,1.0,1.0,1.0,0.0,,,,,0.0,,0.0,0.0,,,0.0488888888888889,1.0,1.0,1.0,1.0,method,,,33b87e6a095ad1b8ae19b0ca7cfacc73125a04e4,2019-03-20 06:56:47-07:00,0.10699422142934054
1.0,1.0,1.0,1.0,6.4,0.4,5.8,0.0,1.0,7.0,5.2,0.0,,0.2,0.4,,,,1.8,0.6,2.0,15.0,0.0,0.0,0.0,2.0,,21.2,3.8,17.4,7.6,9.4,0.8,,,,9.4,12.4,5.6,8.8,,,,,,1.0,1.0,1.0,1.0,,1.2,0.0,,5.0,5.0,0.044,2.0,2.0,2.0,2.0,class,,,33b87e6a095ad1b8ae19b0ca7cfacc73125a04e4,2019-03-20 06:56:47-07:00,0.10699422142934054
,,,,,,,,,,,,5.0,,,,,,,,,,,,,,,,,,,,,,,,,,,,,,,,,,,,,,,,,,,,,,,,project,5.0,1.0,33b87e6a095ad1b8ae19b0ca7cfacc73125a04e4,2019-03-20 06:56:47-07:00,0.10699422142934054
,,,,,,,,,,,,,,,,,,,,,,,,,,1.6666666666666667,7.444444444444445,0.7777777777777778,6.666666666666667,1.8888888888888888,4.666666666666667,0.3333333333333333,3.333333333333333,1.0,0.0,4.555555555555555,5.555555555555555,1.8888888888888888,4.555555555555555,1.0,1.0,1.0,1.0,0.0,,,,,0.0,,0.0,0.0,,,0.0488888888888889,1.0,1.0,1.0,1.0,method,,,28dfaf2f89d061ef5ad90202e0f5e489625daccb,2019-03-20 09:38:47-05:00,0.10699422142934054
1.0,1.0,1.0,1.0,6.4,0.4,5.8,0.0,1.0,7.0,5.2,0.0,,0.2,0.4,,,,1.8,0.6,2.0,15.0,0.0,0.0,0.0,2.0,,21.2,3.8,17.4,7.6,9.4,0.8,,,,9.4,12.4,5.6,8.8,,,,,,1.0,1.0,1.0,1.0,,1.2,0.0,,5.0,5.0,0.044,2.0,2.0,2.0,2.0,class,,,28dfaf2f89d061ef5ad90202e0f5e489625daccb,2019-03-20 09:38:47-05:00,0.10699422142934054
,,,,,,,,,,,,5.0,,,,,,,,,,,,,,,,,,,,,,,,,,,,,,,,,,,,,,,,,,,,,,,,project,5.0,1.0,28dfaf2f89d061ef5ad90202e0f5e489625daccb,2019-03-20 09:38:47-05:00,0.10699422142934054
,,,,,,,,,,,,,,,,,,,,,,,,,,1.6666666666666667,7.444444444444445,0.7777777777777778,6.666666666666667,1.8888888888888888,4.666666666666667,0.3333333333333333,3.333333333333333,1.0,0.0,4.555555555555555,5.555555555555555,1.8888888888888888,4.555555555555555,1.0,1.0,1.0,1.0,0.0,,,,,0.0,,0.0,0.0,,,0.0488888888888889,1.0,1.0,1.0,1.0,method,,,9b03e29e5a365c5f1a78bc6675529b1a9731efd0,2019-03-20 10:01:31-05:00,0.10699422142934054
1.0,1.0,1.0,1.0,6.4,0.4,5.8,0.0,1.0,7.0,5.2,0.0,,0.2,0.4,,,,1.8,0.6,2.0,15.0,0.0,0.0,0.0,2.0,,21.2,3.8,17.4,7.6,9.4,0.8,,,,9.4,12.4,5.6,8.8,,,,,,1.0,1.0,1.0,1.0,,1.2,0.0,,5.0,5.0,0.044,2.0,2.0,2.0,2.0,class,,,9b03e29e5a365c5f1a78bc6675529b1a9731efd0,2019-03-20 10:01:31-05:00,0.10699422142934054
,,,,,,,,,,,,5.0,,,,,,,,,,,,,,,,,,,,,,,,,,,,,,,,,,,,,,,,,,,,,,,,project,5.0,1.0,9b03e29e5a365c5f1a78bc6675529b1a9731efd0,2019-03-20 10:01:31-05:00,0.10699422142934054
,,,,,,,,,,,,,,,,,,,,,,,,,,1.6666666666666667,7.444444444444445,0.7777777777777778,6.666666666666667,1.8888888888888888,4.666666666666667,0.3333333333333333,3.333333333333333,1.0,0.0,4.555555555555555,5.555555555555555,1.8888888888888888,4.555555555555555,1.0,1.0,1.0,1.0,0.0,,,,,0.0,,0.0,0.0,,,0.0488888888888889,1.0,1.0,1.0,1.0,method,,,e55d4ca9bfac28b8441516d3d1575bed0fc4d42a,2019-04-22 10:43:43-05:00,0.10699422142934054
1.0,1.0,1.0,1.0,6.4,0.4,5.8,0.0,1.0,7.0,5.2,0.0,,0.2,0.4,,,,1.8,0.6,2.0,15.0,0.0,0.0,0.0,2.0,,21.2,3.8,17.4,7.6,9.4,0.8,,,,9.4,12.4,5.6,8.8,,,,,,1.0,1.0,1.0,1.0,,1.2,0.0,,5.0,5.0,0.044,2.0,2.0,2.0,2.0,class,,,e55d4ca9bfac28b8441516d3d1575bed0fc4d42a,2019-04-22 10:43:43-05:00,0.10699422142934054
,,,,,,,,,,,,5.0,,,,,,,,,,,,,,,,,,,,,,,,,,,,,,,,,,,,,,,,,,,,,,,,project,5.0,1.0,e55d4ca9bfac28b8441516d3d1575bed0fc4d42a,2019-04-22 10:43:43-05:00,0.10699422142934054
,,,,,,,,,,,,,,,,,,,,,,,,,,1.6666666666666667,7.444444444444445,0.7777777777777778,6.666666666666667,1.8888888888888888,4.666666666666667,0.3333333333333333,3.333333333333333,1.0,0.0,4.555555555555555,5.555555555555555,1.8888888888888888,4.555555555555555,1.0,1.0,1.0,1.0,0.0,,,,,0.0,,0.0,0.0,,,0.0488888888888889,1.0,1.0,1.0,1.0,method,,,1b5e9ce9bb5efefd0d2937f26d0b8d75bd93d49d,2019-06-22 08:24:39-05:00,0.10699422142934054
1.0,1.0,1.0,1.0,6.4,0.4,5.8,0.0,1.0,7.0,5.2,0.0,,0.2,0.4,,,,1.8,0.6,2.0,15.0,0.0,0.0,0.0,2.0,,21.2,3.8,17.4,7.6,9.4,0.8,,,,9.4,12.4,5.6,8.8,,,,,,1.0,1.0,1.0,1.0,,1.2,0.0,,5.0,5.0,0.044,2.0,2.0,2.0,2.0,class,,,1b5e9ce9bb5efefd0d2937f26d0b8d75bd93d49d,2019-06-22 08:24:39-05:00,0.10699422142934054
,,,,,,,,,,,,5.0,,,,,,,,,,,,,,,,,,,,,,,,,,,,,,,,,,,,,,,,,,,,,,,,project,5.0,1.0,1b5e9ce9bb5efefd0d2937f26d0b8d75bd93d49d,2019-06-22 08:24:39-05:00,0.10699422142934054
,,,,,,,,,,,,,,,,,,,,,,,,,,1.6666666666666667,7.444444444444445,0.7777777777777778,6.666666666666667,1.8888888888888888,4.666666666666667,0.3333333333333333,3.333333333333333,1.0,0.0,4.555555555555555,5.555555555555555,1.8888888888888888,4.555555555555555,1.0,1.0,1.0,1.0,0.0,,,,,0.0,,0.0,0.0,,,0.0488888888888889,1.0,1.0,1.0,1.0,method,,,e3692760b4cec1b4db03d9b4b8d324be3b8a3fcf,2019-08-12 09:08:21-05:00,0.10699422142934054
1.0,1.0,1.0,1.0,6.4,0.4,5.8,0.0,1.0,7.0,5.2,0.0,,0.2,0.4,,,,1.8,0.6,2.0,15.0,0.0,0.0,0.0,2.0,,21.2,3.8,17.4,7.6,9.4,0.8,,,,9.4,12.4,5.6,8.8,,,,,,1.0,1.0,1.0,1.0,,1.2,0.0,,5.0,5.0,0.044,2.0,2.0,2.0,2.0,class,,,e3692760b4cec1b4db03d9b4b8d324be3b8a3fcf,2019-08-12 09:08:21-05:00,0.10699422142934054
,,,,,,,,,,,,5.0,,,,,,,,,,,,,,,,,,,,,,,,,,,,,,,,,,,,,,,,,,,,,,,,project,5.0,1.0,e3692760b4cec1b4db03d9b4b8d324be3b8a3fcf,2019-08-12 09:08:21-05:00,0.10699422142934054
,,,,,,,,,,,,,,,,,,,,,,,,,,1.6666666666666667,7.444444444444445,0.7777777777777778,6.666666666666667,1.8888888888888888,4.666666666666667,0.3333333333333333,3.333333333333333,1.0,0.0,4.555555555555555,5.555555555555555,1.8888888888888888,4.555555555555555,1.0,1.0,1.0,1.0,0.0,,,,,0.0,,0.0,0.0,,,0.0488888888888889,1.0,1.0,1.0,1.0,method,,,8e4331a48e821553398649cca14e48f862073bd7,2019-08-20 12:01:29-05:00,0.10699422142934054
1.0,1.0,1.0,1.0,6.4,0.4,5.8,0.0,1.0,7.0,5.2,0.0,,0.2,0.4,,,,1.8,0.6,2.0,15.0,0.0,0.0,0.0,2.0,,21.2,3.8,17.4,7.6,9.4,0.8,,,,9.4,12.4,5.6,8.8,,,,,,1.0,1.0,1.0,1.0,,1.2,0.0,,5.0,5.0,0.044,2.0,2.0,2.0,2.0,class,,,8e4331a48e821553398649cca14e48f862073bd7,2019-08-20 12:01:29-05:00,0.10699422142934054
,,,,,,,,,,,,5.0,,,,,,,,,,,,,,,,,,,,,,,,,,,,,,,,,,,,,,,,,,,,,,,,project,5.0,1.0,8e4331a48e821553398649cca14e48f862073bd7,2019-08-20 12:01:29-05:00,0.10699422142934054
,,,,,,,,,,,,,,,,,,,,,,,,,,1.6666666666666667,7.444444444444445,0.7777777777777778,6.666666666666667,1.8888888888888888,4.666666666666667,0.3333333333333333,3.333333333333333,1.0,0.0,4.555555555555555,5.555555555555555,1.8888888888888888,4.555555555555555,1.0,1.0,1.0,1.0,0.0,,,,,0.0,,0.0,0.0,,,0.0488888888888889,1.0,1.0,1.0,1.0,method,,,cd89775cfb4dd17a7caaeb17e02477f5212a9b92,2019-08-20 12:01:55-05:00,0.10699422142934054
1.0,1.0,1.0,1.0,6.4,0.4,5.8,0.0,1.0,7.0,5.2,0.0,,0.2,0.4,,,,1.8,0.6,2.0,15.0,0.0,0.0,0.0,2.0,,21.2,3.8,17.4,7.6,9.4,0.8,,,,9.4,12.4,5.6,8.8,,,,,,1.0,1.0,1.0,1.0,,1.2,0.0,,5.0,5.0,0.044,2.0,2.0,2.0,2.0,class,,,cd89775cfb4dd17a7caaeb17e02477f5212a9b92,2019-08-20 12:01:55-05:00,0.10699422142934054
,,,,,,,,,,,,5.0,,,,,,,,,,,,,,,,,,,,,,,,,,,,,,,,,,,,,,,,,,,,,,,,project,5.0,1.0,cd89775cfb4dd17a7caaeb17e02477f5212a9b92,2019-08-20 12:01:55-05:00,0.10699422142934054
,,,,,,,,,,,,,,,,,,,,,,,,,,1.6666666666666667,7.444444444444445,0.7777777777777778,6.666666666666667,1.8888888888888888,4.666666666666667,0.3333333333333333,3.333333333333333,1.0,0.0,4.555555555555555,5.555555555555555,1.8888888888888888,4.555555555555555,1.0,1.0,1.0,1.0,0.0,,,,,0.0,,0.0,0.0,,,0.0488888888888889,1.0,1.0,1.0,1.0,method,,,d5ae0a740ae2c1ac1d077f8f6a506cbc4463093e,2019-08-20 19:04:37+02:00,0.10699422142934054
1.0,1.0,1.0,1.0,6.4,0.4,5.8,0.0,1.0,7.0,5.2,0.0,,0.2,0.4,,,,1.8,0.6,2.0,15.0,0.0,0.0,0.0,2.0,,21.2,3.8,17.4,7.6,9.4,0.8,,,,9.4,12.4,5.6,8.8,,,,,,1.0,1.0,1.0,1.0,,1.2,0.0,,5.0,5.0,0.044,2.0,2.0,2.0,2.0,class,,,d5ae0a740ae2c1ac1d077f8f6a506cbc4463093e,2019-08-20 19:04:37+02:00,0.10699422142934054
,,,,,,,,,,,,5.0,,,,,,,,,,,,,,,,,,,,,,,,,,,,,,,,,,,,,,,,,,,,,,,,project,5.0,1.0,d5ae0a740ae2c1ac1d077f8f6a506cbc4463093e,2019-08-20 19:04:37+02:00,0.10699422142934054
,,,,,,,,,,,,,,,,,,,,,,,,,,1.6666666666666667,7.444444444444445,0.7777777777777778,6.666666666666667,1.8888888888888888,4.666666666666667,0.3333333333333333,3.333333333333333,1.0,0.0,4.555555555555555,5.555555555555555,1.8888888888888888,4.555555555555555,1.0,1.0,1.0,1.0,0.0,,,,,0.0,,0.0,0.0,,,0.0488888888888889,1.0,1.0,1.0,1.0,method,,,f944fb8dff2d54ddecdc873a458494bc1016f33d,2019-10-10 09:25:45-05:00,0.10699422142934054
1.0,1.0,1.0,1.0,6.4,0.4,5.8,0.0,1.0,7.0,5.2,0.0,,0.2,0.4,,,,1.8,0.6,2.0,15.0,0.0,0.0,0.0,2.0,,21.2,3.8,17.4,7.6,9.4,0.8,,,,9.4,12.4,5.6,8.8,,,,,,1.0,1.0,1.0,1.0,,1.2,0.0,,5.0,5.0,0.044,2.0,2.0,2.0,2.0,class,,,f944fb8dff2d54ddecdc873a458494bc1016f33d,2019-10-10 09:25:45-05:00,0.10699422142934054
,,,,,,,,,,,,5.0,,,,,,,,,,,,,,,,,,,,,,,,,,,,,,,,,,,,,,,,,,,,,,,,project,5.0,1.0,f944fb8dff2d54ddecdc873a458494bc1016f33d,2019-10-10 09:25:45-05:00,0.10699422142934054
,,,,,,,,,,,,,,,,,,,,,,,,,,1.6666666666666667,7.444444444444445,0.7777777777777778,6.666666666666667,1.8888888888888888,4.666666666666667,0.3333333333333333,3.333333333333333,1.0,0.0,4.555555555555555,5.555555555555555,1.8888888888888888,4.555555555555555,1.0,1.0,1.0,1.0,0.0,,,,,0.0,,0.0,0.0,,,0.0488888888888889,1.0,1.0,1.0,1.0,method,,,393d676c6fb9462b285ed3daaf17e475d52c9a75,2019-11-19 09:44:12-06:00,0.10699422142934054
1.0,1.0,1.0,1.0,6.4,0.4,5.8,0.0,1.0,7.0,5.2,0.0,,0.2,0.4,,,,1.8,0.6,2.0,15.0,0.0,0.0,0.0,2.0,,21.2,3.8,17.4,7.6,9.4,0.8,,,,9.4,12.4,5.6,8.8,,,,,,1.0,1.0,1.0,1.0,,1.2,0.0,,5.0,5.0,0.044,2.0,2.0,2.0,2.0,class,,,393d676c6fb9462b285ed3daaf17e475d52c9a75,2019-11-19 09:44:12-06:00,0.10699422142934054
,,,,,,,,,,,,5.0,,,,,,,,,,,,,,,,,,,,,,,,,,,,,,,,,,,,,,,,,,,,,,,,project,5.0,1.0,393d676c6fb9462b285ed3daaf17e475d52c9a75,2019-11-19 09:44:12-06:00,0.10699422142934054
,,,,,,,,,,,,,,,,,,,,,,,,,,1.6666666666666667,7.444444444444445,0.7777777777777778,6.666666666666667,1.8888888888888888,4.666666666666667,0.3333333333333333,3.333333333333333,1.0,0.0,4.555555555555555,5.555555555555555,1.8888888888888888,4.555555555555555,1.0,1.0,1.0,1.0,0.0,,,,,0.0,,0.0,0.0,,,0.0488888888888889,1.0,1.0,1.0,1.0,method,,,57d0f0967f13e9d15f9fa21eeb7d293aebf2fcd1,2019-11-19 12:08:20-06:00,0.10699422142934054
1.0,1.0,1.0,1.0,6.4,0.4,5.8,0.0,1.0,7.0,5.2,0.0,,0.2,0.4,,,,1.8,0.6,2.0,15.0,0.0,0.0,0.0,2.0,,21.2,3.8,17.4,7.6,9.4,0.8,,,,9.4,12.4,5.6,8.8,,,,,,1.0,1.0,1.0,1.0,,1.2,0.0,,5.0,5.0,0.044,2.0,2.0,2.0,2.0,class,,,57d0f0967f13e9d15f9fa21eeb7d293aebf2fcd1,2019-11-19 12:08:20-06:00,0.10699422142934054
,,,,,,,,,,,,5.0,,,,,,,,,,,,,,,,,,,,,,,,,,,,,,,,,,,,,,,,,,,,,,,,project,5.0,1.0,57d0f0967f13e9d15f9fa21eeb7d293aebf2fcd1,2019-11-19 12:08:20-06:00,0.10699422142934054
,,,,,,,,,,,,,,,,,,,,,,,,,,1.6666666666666667,7.444444444444445,0.7777777777777778,6.666666666666667,1.8888888888888888,4.666666666666667,0.3333333333333333,3.333333333333333,1.0,0.0,4.555555555555555,5.555555555555555,1.8888888888888888,4.555555555555555,1.0,1.0,1.0,1.0,0.0,,,,,0.0,,0.0,0.0,,,0.0488888888888889,1.0,1.0,1.0,1.0,method,,,ff6f09aac58e577c602103763dafd5382abdaa90,2019-11-26 13:08:54-06:00,0.10699422142934054
1.0,1.0,1.0,1.0,6.4,0.4,5.8,0.0,1.0,7.0,5.2,0.0,,0.2,0.4,,,,1.8,0.6,2.0,15.0,0.0,0.0,0.0,2.0,,21.2,3.8,17.4,7.6,9.4,0.8,,,,9.4,12.4,5.6,8.8,,,,,,1.0,1.0,1.0,1.0,,1.2,0.0,,5.0,5.0,0.044,2.0,2.0,2.0,2.0,class,,,ff6f09aac58e577c602103763dafd5382abdaa90,2019-11-26 13:08:54-06:00,0.10699422142934054
,,,,,,,,,,,,5.0,,,,,,,,,,,,,,,,,,,,,,,,,,,,,,,,,,,,,,,,,,,,,,,,project,5.0,1.0,ff6f09aac58e577c602103763dafd5382abdaa90,2019-11-26 13:08:54-06:00,0.10699422142934054
,,,,,,,,,,,,,,,,,,,,,,,,,,1.6666666666666667,7.444444444444445,0.7777777777777778,6.666666666666667,1.8888888888888888,4.666666666666667,0.3333333333333333,3.333333333333333,1.0,0.0,4.555555555555555,5.555555555555555,1.8888888888888888,4.555555555555555,1.0,1.0,1.0,1.0,0.0,,,,,0.0,,0.0,0.0,,,0.0488888888888889,1.0,1.0,1.0,1.0,method,,,dcefbe191fb669519abb399687d8be5ba82751a9,2020-01-09 10:06:30-05:00,0.10699422142934054
1.0,1.0,1.0,1.0,6.4,0.4,5.8,0.0,1.0,7.0,5.2,0.0,,0.2,0.4,,,,1.8,0.6,2.0,15.0,0.0,0.0,0.0,2.0,,21.2,3.8,17.4,7.6,9.4,0.8,,,,9.4,12.4,5.6,8.8,,,,,,1.0,1.0,1.0,1.0,,1.2,0.0,,5.0,5.0,0.044,2.0,2.0,2.0,2.0,class,,,dcefbe191fb669519abb399687d8be5ba82751a9,2020-01-09 10:06:30-05:00,0.10699422142934054
,,,,,,,,,,,,5.0,,,,,,,,,,,,,,,,,,,,,,,,,,,,,,,,,,,,,,,,,,,,,,,,project,5.0,1.0,dcefbe191fb669519abb399687d8be5ba82751a9,2020-01-09 10:06:30-05:00,0.10699422142934054
,,,,,,,,,,,,,,,,,,,,,,,,,,1.6666666666666667,7.444444444444445,0.7777777777777778,6.666666666666667,1.8888888888888888,4.666666666666667,0.3333333333333333,3.333333333333333,1.0,0.0,4.555555555555555,5.555555555555555,1.8888888888888888,4.555555555555555,1.0,1.0,1.0,1.0,0.0,,,,,0.0,,0.0,0.0,,,0.0488888888888889,1.0,1.0,1.0,1.0,method,,,bc842631049e34daeddd8bb119f736a7fcf7ef7e,2020-01-15 13:07:59+00:00,0.10699422142934054
1.0,1.0,1.0,1.0,6.4,0.4,5.8,0.0,1.0,7.0,5.2,0.0,,0.2,0.4,,,,1.8,0.6,2.0,15.0,0.0,0.0,0.0,2.0,,21.2,3.8,17.4,7.6,9.4,0.8,,,,9.4,12.4,5.6,8.8,,,,,,1.0,1.0,1.0,1.0,,1.2,0.0,,5.0,5.0,0.044,2.0,2.0,2.0,2.0,class,,,bc842631049e34daeddd8bb119f736a7fcf7ef7e,2020-01-15 13:07:59+00:00,0.10699422142934054
,,,,,,,,,,,,5.0,,,,,,,,,,,,,,,,,,,,,,,,,,,,,,,,,,,,,,,,,,,,,,,,project,5.0,1.0,bc842631049e34daeddd8bb119f736a7fcf7ef7e,2020-01-15 13:07:59+00:00,0.10699422142934054
,,,,,,,,,,,,,,,,,,,,,,,,,,1.6666666666666667,7.444444444444445,0.7777777777777778,6.666666666666667,1.8888888888888888,4.666666666666667,0.3333333333333333,3.333333333333333,1.0,0.0,4.555555555555555,5.555555555555555,1.8888888888888888,4.555555555555555,1.0,1.0,1.0,1.0,0.0,,,,,0.0,,0.0,0.0,,,0.0488888888888889,1.0,1.0,1.0,1.0,method,,,333b5fb339bb1f6da024c12405b344037b3e7109,2016-07-22 15:46:04-03:00,0.10699422142934054
1.0,1.0,1.0,1.0,6.4,0.4,5.8,0.0,1.0,7.0,5.2,0.0,,0.2,0.4,,,,1.8,0.6,2.0,15.0,0.0,0.0,0.0,2.0,,21.2,3.8,17.4,7.6,9.4,0.8,,,,9.4,12.4,5.6,8.8,,,,,,1.0,1.0,1.0,1.0,,1.2,0.0,,5.0,5.0,0.044,2.0,2.0,2.0,2.0,class,,,333b5fb339bb1f6da024c12405b344037b3e7109,2016-07-22 15:46:04-03:00,0.10699422142934054
,,,,,,,,,,,,5.0,,,,,,,,,,,,,,,,,,,,,,,,,,,,,,,,,,,,,,,,,,,,,,,,project,5.0,1.0,333b5fb339bb1f6da024c12405b344037b3e7109,2016-07-22 15:46:04-03:00,0.10699422142934054
,,,,,,,,,,,,,,,,,,,,,,,,,,1.6666666666666667,7.444444444444445,0.7777777777777778,6.666666666666667,1.8888888888888888,4.666666666666667,0.3333333333333333,3.333333333333333,1.0,0.0,4.555555555555555,5.555555555555555,1.8888888888888888,4.555555555555555,1.0,1.0,1.0,1.0,0.0,,,,,0.0,,0.0,0.0,,,0.0488888888888889,1.0,1.0,1.0,1.0,method,,,5a5fdf280c8fc18051be2635d84e1076e47e2d83,2016-07-22 15:56:06-03:00,0.10699422142934054
1.0,1.0,1.0,1.0,6.4,0.4,5.8,0.0,1.0,7.0,5.2,0.0,,0.2,0.4,,,,1.8,0.6,2.0,15.0,0.0,0.0,0.0,2.0,,21.2,3.8,17.4,7.6,9.4,0.8,,,,9.4,12.4,5.6,8.8,,,,,,1.0,1.0,1.0,1.0,,1.2,0.0,,5.0,5.0,0.044,2.0,2.0,2.0,2.0,class,,,5a5fdf280c8fc18051be2635d84e1076e47e2d83,2016-07-22 15:56:06-03:00,0.10699422142934054
,,,,,,,,,,,,5.0,,,,,,,,,,,,,,,,,,,,,,,,,,,,,,,,,,,,,,,,,,,,,,,,project,5.0,1.0,5a5fdf280c8fc18051be2635d84e1076e47e2d83,2016-07-22 15:56:06-03:00,0.10699422142934054
,,,,,,,,,,,,,,,,,,,,,,,,,,1.6666666666666667,7.444444444444445,0.7777777777777778,6.666666666666667,1.8888888888888888,4.666666666666667,0.3333333333333333,3.333333333333333,1.0,0.0,4.555555555555555,5.555555555555555,1.8888888888888888,4.555555555555555,1.0,1.0,1.0,1.0,0.0,,,,,0.0,,0.0,0.0,,,0.0488888888888889,1.0,1.0,1.0,1.0,method,,,4a10ca119ac7152ecec4d0e78c2588ef09b61545,2019-02-11 12:46:27-06:00,0.10699422142934054
1.0,1.0,1.0,1.0,6.4,0.4,5.8,0.0,1.0,7.0,5.2,0.0,,0.2,0.4,,,,1.8,0.6,2.0,15.0,0.0,0.0,0.0,2.0,,21.2,3.8,17.4,7.6,9.4,0.8,,,,9.4,12.4,5.6,8.8,,,,,,1.0,1.0,1.0,1.0,,1.2,0.0,,5.0,5.0,0.044,2.0,2.0,2.0,2.0,class,,,4a10ca119ac7152ecec4d0e78c2588ef09b61545,2019-02-11 12:46:27-06:00,0.10699422142934054
,,,,,,,,,,,,5.0,,,,,,,,,,,,,,,,,,,,,,,,,,,,,,,,,,,,,,,,,,,,,,,,project,5.0,1.0,4a10ca119ac7152ecec4d0e78c2588ef09b61545,2019-02-11 12:46:27-06:00,0.10699422142934054
,,,,,,,,,,,,,,,,,,,,,,,,,,1.4545454545454546,6.545454545454546,0.6363636363636364,5.909090909090909,1.7272727272727273,3.909090909090909,0.2727272727272727,2.8181818181818183,1.0,0.0,3.8181818181818175,4.818181818181818,1.7272727272727273,3.8181818181818175,1.0,1.0,1.0,1.0,0.0,,,,,0.0,,0.0,0.0,,,0.04,1.0,1.0,1.0,1.0,method,,,52760d81f06046e07cd9178aa1df4633ff5c5e90,2019-09-24 17:07:53-05:00,0.14720549474337272
1.0,1.0,1.0,1.0,5.285714285714286,0.2857142857142857,4.857142857142857,0.0,1.0,5.571428571428571,4.0,0.0,,0.2857142857142857,0.2857142857142857,,,,1.4285714285714286,0.4285714285714285,1.7142857142857142,14.714285714285714,0.0,0.0,0.0,1.7142857142857142,,17.285714285714285,3.2857142857142856,14.0,6.142857142857143,6.857142857142857,0.5714285714285714,,,,6.857142857142857,9.571428571428571,4.571428571428571,6.428571428571429,,,,,,1.0,1.0,1.0,1.0,,1.1428571428571428,0.0,,3.571428571428572,3.571428571428572,0.0314285714285714,1.7142857142857142,1.7142857142857142,1.7142857142857142,1.7142857142857142,class,,,52760d81f06046e07cd9178aa1df4633ff5c5e90,2019-09-24 17:07:53-05:00,0.14720549474337272
,,,,,,,,,,,,7.0,,,,,,,,,,,,,,,,,,,,,,,,,,,,,,,,,,,,,,,,,,,,,,,,project,7.0,3.0,52760d81f06046e07cd9178aa1df4633ff5c5e90,2019-09-24 17:07:53-05:00,0.14720549474337272
,,,,,,,,,,,,,,,,,,,,,,,,,,1.4545454545454546,6.545454545454546,0.6363636363636364,5.909090909090909,1.7272727272727273,3.909090909090909,0.2727272727272727,2.8181818181818183,1.0,0.0,3.8181818181818175,4.818181818181818,1.7272727272727273,3.8181818181818175,1.0,1.0,1.0,1.0,0.0,,,,,0.0,,0.0,0.0,,,0.04,1.0,1.0,1.0,1.0,method,,,b72d46f20aaed1dcd232978be3a12f8868c10b56,2019-09-24 17:10:34-05:00,0.14720549474337272
1.0,1.0,1.0,1.0,5.285714285714286,0.2857142857142857,4.857142857142857,0.0,1.0,5.571428571428571,4.0,0.0,,0.2857142857142857,0.2857142857142857,,,,1.4285714285714286,0.4285714285714285,1.7142857142857142,14.714285714285714,0.0,0.0,0.0,1.7142857142857142,,17.285714285714285,3.2857142857142856,14.0,6.142857142857143,6.857142857142857,0.5714285714285714,,,,6.857142857142857,9.571428571428571,4.571428571428571,6.428571428571429,,,,,,1.0,1.0,1.0,1.0,,1.1428571428571428,0.0,,3.571428571428572,3.571428571428572,0.0314285714285714,1.7142857142857142,1.7142857142857142,1.7142857142857142,1.7142857142857142,class,,,b72d46f20aaed1dcd232978be3a12f8868c10b56,2019-09-24 17:10:34-05:00,0.14720549474337272
,,,,,,,,,,,,7.0,,,,,,,,,,,,,,,,,,,,,,,,,,,,,,,,,,,,,,,,,,,,,,,,project,7.0,3.0,b72d46f20aaed1dcd232978be3a12f8868c10b56,2019-09-24 17:10:34-05:00,0.14720549474337272
,,,,,,,,,,,,,,,,,,,,,,,,,,1.4545454545454546,6.545454545454546,0.6363636363636364,5.909090909090909,1.7272727272727273,3.909090909090909,0.2727272727272727,2.8181818181818183,1.0,0.0,3.8181818181818175,4.818181818181818,1.7272727272727273,3.8181818181818175,1.0,1.0,1.0,1.0,0.0,,,,,0.0,,0.0,0.0,,,0.04,1.0,1.0,1.0,1.0,method,,,8ea0ebd63b5bc2608ea426ea6b291951711845ee,2019-10-23 17:00:52-05:00,0.24645614344626665
1.0,1.0,1.0,1.0,5.285714285714286,0.2857142857142857,4.857142857142857,0.0,1.0,5.571428571428571,4.0,0.0,,0.2857142857142857,0.2857142857142857,,,,1.4285714285714286,0.4285714285714285,1.7142857142857142,14.714285714285714,0.0,0.0,0.0,1.7142857142857142,,17.285714285714285,3.2857142857142856,14.0,6.142857142857143,6.857142857142857,0.5714285714285714,,,,6.857142857142857,9.571428571428571,4.571428571428571,6.428571428571429,,,,,,1.0,1.0,1.0,1.0,,1.1428571428571428,0.0,,3.571428571428572,3.571428571428572,0.0314285714285714,1.7142857142857142,1.7142857142857142,1.7142857142857142,1.7142857142857142,class,,,8ea0ebd63b5bc2608ea426ea6b291951711845ee,2019-10-23 17:00:52-05:00,0.24645614344626665
,,,,,,,,,,,,7.0,,,,,,,,,,,,,,,,,,,,,,,,,,,,,,,,,,,,,,,,,,,,,,,,project,7.0,3.0,8ea0ebd63b5bc2608ea426ea6b291951711845ee,2019-10-23 17:00:52-05:00,0.24645614344626665
,,,,,,,,,,,,,,,,,,,,,,,,,,1.4545454545454546,6.545454545454546,0.6363636363636364,5.909090909090909,1.7272727272727273,3.909090909090909,0.2727272727272727,2.727272727272727,1.0,0.0,3.8181818181818175,4.818181818181818,1.7272727272727273,3.8181818181818175,1.0,1.0,1.0,1.0,0.0,,,,,0.0,,0.0,0.0,,,0.04,1.0,1.0,1.0,1.0,method,,,9707d06f1cadd37bf7167d58f9bb91fa1129ea8a,2019-10-24 09:30:37-05:00,0.24645614344626665
1.0,1.0,1.0,1.0,5.285714285714286,0.2857142857142857,4.857142857142857,0.0,1.0,5.571428571428571,4.0,0.0,,0.2857142857142857,0.2857142857142857,,,,1.4285714285714286,0.4285714285714285,1.7142857142857142,14.714285714285714,0.0,0.0,0.0,1.7142857142857142,,17.285714285714285,3.2857142857142856,14.0,6.142857142857143,6.857142857142857,0.5714285714285714,,,,6.857142857142857,9.571428571428571,4.571428571428571,6.428571428571429,,,,,,1.0,1.0,1.0,1.0,,1.1428571428571428,0.0,,3.571428571428572,3.571428571428572,0.0314285714285714,1.7142857142857142,1.7142857142857142,1.7142857142857142,1.7142857142857142,class,,,9707d06f1cadd37bf7167d58f9bb91fa1129ea8a,2019-10-24 09:30:37-05:00,0.24645614344626665
,,,,,,,,,,,,7.0,,,,,,,,,,,,,,,,,,,,,,,,,,,,,,,,,,,,,,,,,,,,,,,,project,7.0,3.0,9707d06f1cadd37bf7167d58f9bb91fa1129ea8a,2019-10-24 09:30:37-05:00,0.24645614344626665
,,,,,,,,,,,,,,,,,,,,,,,,,,1.4545454545454546,6.545454545454546,0.6363636363636364,5.909090909090909,1.7272727272727273,3.909090909090909,0.2727272727272727,2.727272727272727,1.0,0.0,3.8181818181818175,4.818181818181818,1.7272727272727273,3.8181818181818175,1.0,1.0,1.0,1.0,0.0,,,,,0.0,,0.0,0.0,,,0.04,1.0,1.0,1.0,1.0,method,,,47e820565c896ce5e2f97c098f99a7bd4c18ca1e,2020-01-17 12:14:34-06:00,0.24645614344626665
1.0,1.0,1.0,1.0,5.285714285714286,0.2857142857142857,4.857142857142857,0.0,1.0,5.571428571428571,4.0,0.0,,0.2857142857142857,0.2857142857142857,,,,1.4285714285714286,0.4285714285714285,1.7142857142857142,14.714285714285714,0.0,0.0,0.0,1.7142857142857142,,17.285714285714285,3.2857142857142856,14.0,6.142857142857143,6.857142857142857,0.5714285714285714,,,,6.857142857142857,9.571428571428571,4.571428571428571,6.428571428571429,,,,,,1.0,1.0,1.0,1.0,,1.1428571428571428,0.0,,3.571428571428572,3.571428571428572,0.0314285714285714,1.7142857142857142,1.7142857142857142,1.7142857142857142,1.7142857142857142,class,,,47e820565c896ce5e2f97c098f99a7bd4c18ca1e,2020-01-17 12:14:34-06:00,0.24645614344626665
,,,,,,,,,,,,7.0,,,,,,,,,,,,,,,,,,,,,,,,,,,,,,,,,,,,,,,,,,,,,,,,project,7.0,3.0,47e820565c896ce5e2f97c098f99a7bd4c18ca1e,2020-01-17 12:14:34-06:00,0.24645614344626665
,,,,,,,,,,,,,,,,,,,,,,,,,,1.4545454545454546,6.545454545454546,0.6363636363636364,5.909090909090909,1.7272727272727273,3.909090909090909,0.2727272727272727,2.727272727272727,1.0,0.0,3.8181818181818175,4.818181818181818,1.7272727272727273,3.8181818181818175,1.0,1.0,1.0,1.0,0.0,,,,,0.0,,0.0,0.0,,,0.04,1.0,1.0,1.0,1.0,method,,,4164272a0fcaf7bc454fc73a1e85d3a81c007fbc,2020-02-03 14:27:50+00:00,0.24645614344626665
1.0,1.0,1.0,1.0,5.285714285714286,0.2857142857142857,4.857142857142857,0.0,1.0,5.571428571428571,4.0,0.0,,0.2857142857142857,0.2857142857142857,,,,1.4285714285714286,0.4285714285714285,1.7142857142857142,14.714285714285714,0.0,0.0,0.0,1.7142857142857142,,17.285714285714285,3.2857142857142856,14.0,6.142857142857143,6.857142857142857,0.5714285714285714,,,,6.857142857142857,9.571428571428571,4.571428571428571,6.428571428571429,,,,,,1.0,1.0,1.0,1.0,,1.1428571428571428,0.0,,3.571428571428572,3.571428571428572,0.0314285714285714,1.7142857142857142,1.7142857142857142,1.7142857142857142,1.7142857142857142,class,,,4164272a0fcaf7bc454fc73a1e85d3a81c007fbc,2020-02-03 14:27:50+00:00,0.24645614344626665
,,,,,,,,,,,,7.0,,,,,,,,,,,,,,,,,,,,,,,,,,,,,,,,,,,,,,,,,,,,,,,,project,7.0,3.0,4164272a0fcaf7bc454fc73a1e85d3a81c007fbc,2020-02-03 14:27:50+00:00,0.24645614344626665
,,,,,,,,,,,,,,,,,,,,,,,,,,1.4545454545454546,6.545454545454546,0.6363636363636364,5.909090909090909,1.7272727272727273,3.909090909090909,0.2727272727272727,2.727272727272727,1.0,0.0,3.8181818181818175,4.818181818181818,1.7272727272727273,3.8181818181818175,1.0,1.0,1.0,1.0,0.0,,,,,0.0,,0.0,0.0,,,0.04,1.0,1.0,1.0,1.0,method,,,7cb1d60583da33aae0ebbc6a62a0bc770467dfd8,2020-02-03 14:30:08+00:00,0.24645614344626665
1.0,1.0,1.0,1.0,5.285714285714286,0.2857142857142857,4.857142857142857,0.0,1.0,5.571428571428571,4.0,0.0,,0.2857142857142857,0.2857142857142857,,,,1.4285714285714286,0.4285714285714285,1.7142857142857142,14.714285714285714,0.0,0.0,0.0,1.7142857142857142,,17.285714285714285,3.2857142857142856,14.0,6.142857142857143,6.857142857142857,0.5714285714285714,,,,6.857142857142857,9.571428571428571,4.571428571428571,6.428571428571429,,,,,,1.0,1.0,1.0,1.0,,1.1428571428571428,0.0,,3.571428571428572,3.571428571428572,0.0314285714285714,1.7142857142857142,1.7142857142857142,1.7142857142857142,1.7142857142857142,class,,,7cb1d60583da33aae0ebbc6a62a0bc770467dfd8,2020-02-03 14:30:08+00:00,0.24645614344626665
,,,,,,,,,,,,7.0,,,,,,,,,,,,,,,,,,,,,,,,,,,,,,,,,,,,,,,,,,,,,,,,project,7.0,3.0,7cb1d60583da33aae0ebbc6a62a0bc770467dfd8,2020-02-03 14:30:08+00:00,0.24645614344626665
,,,,,,,,,,,,,,,,,,,,,,,,,,1.4545454545454546,6.545454545454546,0.6363636363636364,5.909090909090909,1.7272727272727273,3.909090909090909,0.2727272727272727,2.727272727272727,1.0,0.0,3.8181818181818175,4.818181818181818,1.7272727272727273,3.8181818181818175,1.0,1.0,1.0,1.0,0.0,,,,,0.0,,0.0,0.0,,,0.04,1.0,1.0,1.0,1.0,method,,,47273022cef2deefe1919a306616b4de979e3168,2020-08-05 13:23:18-05:00,0.24645614344626665
1.0,1.0,1.0,1.0,5.285714285714286,0.2857142857142857,4.857142857142857,0.0,1.0,5.571428571428571,4.0,0.0,,0.2857142857142857,0.2857142857142857,,,,1.4285714285714286,0.4285714285714285,1.7142857142857142,14.714285714285714,0.0,0.0,0.0,1.7142857142857142,,17.285714285714285,3.2857142857142856,14.0,6.142857142857143,6.857142857142857,0.5714285714285714,,,,6.857142857142857,9.571428571428571,4.571428571428571,6.428571428571429,,,,,,1.0,1.0,1.0,1.0,,1.1428571428571428,0.0,,3.571428571428572,3.571428571428572,0.0314285714285714,1.7142857142857142,1.7142857142857142,1.7142857142857142,1.7142857142857142,class,,,47273022cef2deefe1919a306616b4de979e3168,2020-08-05 13:23:18-05:00,0.24645614344626665
,,,,,,,,,,,,7.0,,,,,,,,,,,,,,,,,,,,,,,,,,,,,,,,,,,,,,,,,,,,,,,,project,7.0,3.0,47273022cef2deefe1919a306616b4de979e3168,2020-08-05 13:23:18-05:00,0.24645614344626665
,,,,,,,,,,,,,,,,,,,,,,,,,,1.4545454545454546,6.545454545454546,0.6363636363636364,5.909090909090909,1.7272727272727273,3.909090909090909,0.2727272727272727,2.727272727272727,1.0,0.0,3.8181818181818175,4.818181818181818,1.7272727272727273,3.8181818181818175,1.0,1.0,1.0,1.0,0.0,,,,,0.0,,0.0,0.0,,,0.04,1.0,1.0,1.0,1.0,method,,,f3010ab097b6f9180fdde49df704519e138874f1,2020-11-02 09:44:35-06:00,0.24645614344626665
1.0,1.0,1.0,1.0,5.285714285714286,0.2857142857142857,4.857142857142857,0.0,1.0,5.571428571428571,4.0,0.0,,0.2857142857142857,0.2857142857142857,,,,1.4285714285714286,0.4285714285714285,1.7142857142857142,14.714285714285714,0.0,0.0,0.0,1.7142857142857142,,17.285714285714285,3.2857142857142856,14.0,6.142857142857143,6.857142857142857,0.5714285714285714,,,,6.857142857142857,9.571428571428571,4.571428571428571,6.428571428571429,,,,,,1.0,1.0,1.0,1.0,,1.1428571428571428,0.0,,3.571428571428572,3.571428571428572,0.0314285714285714,1.7142857142857142,1.7142857142857142,1.7142857142857142,1.7142857142857142,class,,,f3010ab097b6f9180fdde49df704519e138874f1,2020-11-02 09:44:35-06:00,0.24645614344626665
,,,,,,,,,,,,7.0,,,,,,,,,,,,,,,,,,,,,,,,,,,,,,,,,,,,,,,,,,,,,,,,project,7.0,3.0,f3010ab097b6f9180fdde49df704519e138874f1,2020-11-02 09:44:35-06:00,0.24645614344626665
,,,,,,,,,,,,,,,,,,,,,,,,,,1.4545454545454546,6.545454545454546,0.6363636363636364,5.909090909090909,1.7272727272727273,3.909090909090909,0.2727272727272727,2.727272727272727,1.0,0.0,3.8181818181818175,4.818181818181818,1.7272727272727273,3.8181818181818175,1.0,1.0,1.0,1.0,0.0,,,,,0.0,,0.0,0.0,,,0.04,1.0,1.0,1.0,1.0,method,,,9e17245edd4c75fb1c35e2c49179ab551b9a3470,2020-12-08 10:32:26+01:00,0.24645614344626665
1.0,1.0,1.0,1.0,5.285714285714286,0.2857142857142857,4.857142857142857,0.0,1.0,5.571428571428571,4.0,0.0,,0.2857142857142857,0.2857142857142857,,,,1.4285714285714286,0.4285714285714285,1.7142857142857142,14.714285714285714,0.0,0.0,0.0,1.7142857142857142,,17.285714285714285,3.2857142857142856,14.0,6.142857142857143,6.857142857142857,0.5714285714285714,,,,6.857142857142857,9.571428571428571,4.571428571428571,6.428571428571429,,,,,,1.0,1.0,1.0,1.0,,1.1428571428571428,0.0,,3.571428571428572,3.571428571428572,0.0314285714285714,1.7142857142857142,1.7142857142857142,1.7142857142857142,1.7142857142857142,class,,,9e17245edd4c75fb1c35e2c49179ab551b9a3470,2020-12-08 10:32:26+01:00,0.24645614344626665
,,,,,,,,,,,,7.0,,,,,,,,,,,,,,,,,,,,,,,,,,,,,,,,,,,,,,,,,,,,,,,,project,7.0,3.0,9e17245edd4c75fb1c35e2c49179ab551b9a3470,2020-12-08 10:32:26+01:00,0.24645614344626665
,,,,,,,,,,,,,,,,,,,,,,,,,,1.4545454545454546,6.545454545454546,0.6363636363636364,5.909090909090909,1.7272727272727273,3.909090909090909,0.2727272727272727,2.727272727272727,1.0,0.0,3.8181818181818175,4.818181818181818,1.7272727272727273,3.8181818181818175,1.0,1.0,1.0,1.0,0.0,,,,,0.0,,0.0,0.0,,,0.04,1.0,1.0,1.0,1.0,method,,,fafae45918b66da0f57375d00f9ff723f3228e95,2020-12-08 10:35:21+01:00,0.24645614344626665
1.0,1.0,1.0,1.0,5.285714285714286,0.2857142857142857,4.857142857142857,0.0,1.0,5.571428571428571,4.0,0.0,,0.2857142857142857,0.2857142857142857,,,,1.4285714285714286,0.4285714285714285,1.7142857142857142,14.714285714285714,0.0,0.0,0.0,1.7142857142857142,,17.285714285714285,3.2857142857142856,14.0,6.142857142857143,6.857142857142857,0.5714285714285714,,,,6.857142857142857,9.571428571428571,4.571428571428571,6.428571428571429,,,,,,1.0,1.0,1.0,1.0,,1.1428571428571428,0.0,,3.571428571428572,3.571428571428572,0.0314285714285714,1.7142857142857142,1.7142857142857142,1.7142857142857142,1.7142857142857142,class,,,fafae45918b66da0f57375d00f9ff723f3228e95,2020-12-08 10:35:21+01:00,0.24645614344626665
,,,,,,,,,,,,7.0,,,,,,,,,,,,,,,,,,,,,,,,,,,,,,,,,,,,,,,,,,,,,,,,project,7.0,3.0,fafae45918b66da0f57375d00f9ff723f3228e95,2020-12-08 10:35:21+01:00,0.24645614344626665
,,,,,,,,,,,,,,,,,,,,,,,,,,1.4545454545454546,6.545454545454546,0.6363636363636364,5.909090909090909,1.7272727272727273,3.909090909090909,0.2727272727272727,2.727272727272727,1.0,0.0,3.8181818181818175,4.818181818181818,1.7272727272727273,3.8181818181818175,1.0,1.0,1.0,1.0,0.0,,,,,0.0,,0.0,0.0,,,0.04,1.0,1.0,1.0,1.0,method,,,895df3779dd6960e5d10452857d880a3624d4acb,2020-12-08 10:36:16+01:00,0.24645614344626665
1.0,1.0,1.0,1.0,5.285714285714286,0.2857142857142857,4.857142857142857,0.0,1.0,5.571428571428571,4.0,0.0,,0.2857142857142857,0.2857142857142857,,,,1.4285714285714286,0.4285714285714285,1.7142857142857142,14.714285714285714,0.0,0.0,0.0,1.7142857142857142,,17.285714285714285,3.2857142857142856,14.0,6.142857142857143,6.857142857142857,0.5714285714285714,,,,6.857142857142857,9.571428571428571,4.571428571428571,6.428571428571429,,,,,,1.0,1.0,1.0,1.0,,1.1428571428571428,0.0,,3.571428571428572,3.571428571428572,0.0314285714285714,1.7142857142857142,1.7142857142857142,1.7142857142857142,1.7142857142857142,class,,,895df3779dd6960e5d10452857d880a3624d4acb,2020-12-08 10:36:16+01:00,0.24645614344626665
,,,,,,,,,,,,7.0,,,,,,,,,,,,,,,,,,,,,,,,,,,,,,,,,,,,,,,,,,,,,,,,project,7.0,3.0,895df3779dd6960e5d10452857d880a3624d4acb,2020-12-08 10:36:16+01:00,0.24645614344626665
,,,,,,,,,,,,,,,,,,,,,,,,,,1.4545454545454546,6.545454545454546,0.6363636363636364,5.909090909090909,1.7272727272727273,3.909090909090909,0.2727272727272727,2.727272727272727,1.0,0.0,3.8181818181818175,4.818181818181818,1.7272727272727273,3.8181818181818175,1.0,1.0,1.0,1.0,0.0,,,,,0.0,,0.0,0.0,,,0.04,1.0,1.0,1.0,1.0,method,,,dce56784afcc8457386017054412b89390e1019d,2020-12-08 10:39:18+01:00,0.24645614344626665
1.0,1.0,1.0,1.0,5.285714285714286,0.2857142857142857,4.857142857142857,0.0,1.0,5.571428571428571,4.0,0.0,,0.2857142857142857,0.2857142857142857,,,,1.4285714285714286,0.4285714285714285,1.7142857142857142,14.714285714285714,0.0,0.0,0.0,1.7142857142857142,,17.285714285714285,3.2857142857142856,14.0,6.142857142857143,6.857142857142857,0.5714285714285714,,,,6.857142857142857,9.571428571428571,4.571428571428571,6.428571428571429,,,,,,1.0,1.0,1.0,1.0,,1.1428571428571428,0.0,,3.571428571428572,3.571428571428572,0.0314285714285714,1.7142857142857142,1.7142857142857142,1.7142857142857142,1.7142857142857142,class,,,dce56784afcc8457386017054412b89390e1019d,2020-12-08 10:39:18+01:00,0.24645614344626665
,,,,,,,,,,,,7.0,,,,,,,,,,,,,,,,,,,,,,,,,,,,,,,,,,,,,,,,,,,,,,,,project,7.0,3.0,dce56784afcc8457386017054412b89390e1019d,2020-12-08 10:39:18+01:00,0.24645614344626665
,,,,,,,,,,,,,,,,,,,,,,,,,,1.4545454545454546,6.545454545454546,0.6363636363636364,5.909090909090909,1.7272727272727273,3.909090909090909,0.2727272727272727,2.727272727272727,1.0,0.0,3.8181818181818175,4.818181818181818,1.7272727272727273,3.8181818181818175,1.0,1.0,1.0,1.0,0.0,,,,,0.0,,0.0,0.0,,,0.04,1.0,1.0,1.0,1.0,method,,,309c3dd16391e353a2a42a6eebdf56e8c24d0fe5,2021-01-26 15:31:22-06:00,0.24645614344626665
1.0,1.0,1.0,1.0,5.285714285714286,0.2857142857142857,4.857142857142857,0.0,1.0,5.571428571428571,4.0,0.0,,0.2857142857142857,0.2857142857142857,,,,1.4285714285714286,0.4285714285714285,1.7142857142857142,14.714285714285714,0.0,0.0,0.0,1.7142857142857142,,17.285714285714285,3.2857142857142856,14.0,6.142857142857143,6.857142857142857,0.5714285714285714,,,,6.857142857142857,9.571428571428571,4.571428571428571,6.428571428571429,,,,,,1.0,1.0,1.0,1.0,,1.1428571428571428,0.0,,3.571428571428572,3.571428571428572,0.0314285714285714,1.7142857142857142,1.7142857142857142,1.7142857142857142,1.7142857142857142,class,,,309c3dd16391e353a2a42a6eebdf56e8c24d0fe5,2021-01-26 15:31:22-06:00,0.24645614344626665
,,,,,,,,,,,,7.0,,,,,,,,,,,,,,,,,,,,,,,,,,,,,,,,,,,,,,,,,,,,,,,,project,7.0,3.0,309c3dd16391e353a2a42a6eebdf56e8c24d0fe5,2021-01-26 15:31:22-06:00,0.24645614344626665
,,,,,,,,,,,,,,,,,,,,,,,,,,1.4545454545454546,6.545454545454546,0.6363636363636364,5.909090909090909,1.7272727272727273,3.909090909090909,0.2727272727272727,2.727272727272727,1.0,0.0,3.8181818181818175,4.818181818181818,1.7272727272727273,3.8181818181818175,1.0,1.0,1.0,1.0,0.0,,,,,0.0,,0.0,0.0,,,0.04,1.0,1.0,1.0,1.0,method,,,6b50adcce5df32e474747305403bd0139e553525,2021-02-01 15:03:23-06:00,0.24645614344626665
1.0,1.0,1.0,1.0,5.285714285714286,0.2857142857142857,4.857142857142857,0.0,1.0,5.571428571428571,4.0,0.0,,0.2857142857142857,0.2857142857142857,,,,1.4285714285714286,0.4285714285714285,1.7142857142857142,14.714285714285714,0.0,0.0,0.0,1.7142857142857142,,17.285714285714285,3.2857142857142856,14.0,6.142857142857143,6.857142857142857,0.5714285714285714,,,,6.857142857142857,9.571428571428571,4.571428571428571,6.428571428571429,,,,,,1.0,1.0,1.0,1.0,,1.1428571428571428,0.0,,3.571428571428572,3.571428571428572,0.0314285714285714,1.7142857142857142,1.7142857142857142,1.7142857142857142,1.7142857142857142,class,,,6b50adcce5df32e474747305403bd0139e553525,2021-02-01 15:03:23-06:00,0.24645614344626665
,,,,,,,,,,,,7.0,,,,,,,,,,,,,,,,,,,,,,,,,,,,,,,,,,,,,,,,,,,,,,,,project,7.0,3.0,6b50adcce5df32e474747305403bd0139e553525,2021-02-01 15:03:23-06:00,0.24645614344626665
,,,,,,,,,,,,,,,,,,,,,,,,,,1.4545454545454546,6.545454545454546,0.6363636363636364,5.909090909090909,1.7272727272727273,3.909090909090909,0.2727272727272727,2.727272727272727,1.0,0.0,3.8181818181818175,4.818181818181818,1.7272727272727273,3.8181818181818175,1.0,1.0,1.0,1.0,0.0,,,,,0.0,,0.0,0.0,,,0.04,1.0,1.0,1.0,1.0,method,,,0bf9becdc96db4d0f133ddd4462bfe045e04c593,2021-03-17 13:12:43-05:00,0.24645614344626665
1.0,1.0,1.0,1.0,5.285714285714286,0.2857142857142857,4.857142857142857,0.0,1.0,5.571428571428571,4.0,0.0,,0.2857142857142857,0.2857142857142857,,,,1.4285714285714286,0.4285714285714285,1.7142857142857142,14.714285714285714,0.0,0.0,0.0,1.7142857142857142,,17.285714285714285,3.2857142857142856,14.0,6.142857142857143,6.857142857142857,0.5714285714285714,,,,6.857142857142857,9.571428571428571,4.571428571428571,6.428571428571429,,,,,,1.0,1.0,1.0,1.0,,1.1428571428571428,0.0,,3.571428571428572,3.571428571428572,0.0314285714285714,1.7142857142857142,1.7142857142857142,1.7142857142857142,1.7142857142857142,class,,,0bf9becdc96db4d0f133ddd4462bfe045e04c593,2021-03-17 13:12:43-05:00,0.24645614344626665
,,,,,,,,,,,,7.0,,,,,,,,,,,,,,,,,,,,,,,,,,,,,,,,,,,,,,,,,,,,,,,,project,7.0,3.0,0bf9becdc96db4d0f133ddd4462bfe045e04c593,2021-03-17 13:12:43-05:00,0.24645614344626665
,,,,,,,,,,,,,,,,,,,,,,,,,,1.4545454545454546,6.545454545454546,0.6363636363636364,5.909090909090909,1.7272727272727273,3.909090909090909,0.2727272727272727,2.727272727272727,1.0,0.0,3.8181818181818175,4.818181818181818,1.7272727272727273,3.8181818181818175,1.0,1.0,1.0,1.0,0.0,,,,,0.0,,0.0,0.0,,,0.04,1.0,1.0,1.0,1.0,method,,,403c443d252caf4d8e8a798c431fa90a4554275a,2021-04-26 18:37:19-05:00,0.24645614344626665
1.0,1.0,1.0,1.0,5.285714285714286,0.2857142857142857,4.857142857142857,0.0,1.0,5.571428571428571,4.0,0.0,,0.2857142857142857,0.2857142857142857,,,,1.4285714285714286,0.4285714285714285,1.7142857142857142,14.714285714285714,0.0,0.0,0.0,1.7142857142857142,,17.285714285714285,3.2857142857142856,14.0,6.142857142857143,6.857142857142857,0.5714285714285714,,,,6.857142857142857,9.571428571428571,4.571428571428571,6.428571428571429,,,,,,1.0,1.0,1.0,1.0,,1.1428571428571428,0.0,,3.571428571428572,3.571428571428572,0.0314285714285714,1.7142857142857142,1.7142857142857142,1.7142857142857142,1.7142857142857142,class,,,403c443d252caf4d8e8a798c431fa90a4554275a,2021-04-26 18:37:19-05:00,0.24645614344626665
,,,,,,,,,,,,7.0,,,,,,,,,,,,,,,,,,,,,,,,,,,,,,,,,,,,,,,,,,,,,,,,project,7.0,3.0,403c443d252caf4d8e8a798c431fa90a4554275a,2021-04-26 18:37:19-05:00,0.24645614344626665
,,,,,,,,,,,,,,,,,,,,,,,,,,1.4545454545454546,6.545454545454546,0.6363636363636364,5.909090909090909,1.7272727272727273,3.909090909090909,0.2727272727272727,2.727272727272727,1.0,0.0,3.8181818181818175,4.818181818181818,1.7272727272727273,3.8181818181818175,1.0,1.0,1.0,1.0,0.0,,,,,0.0,,0.0,0.0,,,0.04,1.0,1.0,1.0,1.0,method,,,6d5cc36526fc371a44397e82ad4be27afd24a109,2021-06-01 15:44:31-05:00,0.24645614344626665
1.0,1.0,1.0,1.0,5.285714285714286,0.2857142857142857,4.857142857142857,0.0,1.0,5.571428571428571,4.0,0.0,,0.2857142857142857,0.2857142857142857,,,,1.4285714285714286,0.4285714285714285,1.7142857142857142,14.714285714285714,0.0,0.0,0.0,1.7142857142857142,,17.285714285714285,3.2857142857142856,14.0,6.142857142857143,6.857142857142857,0.5714285714285714,,,,6.857142857142857,9.571428571428571,4.571428571428571,6.428571428571429,,,,,,1.0,1.0,1.0,1.0,,1.1428571428571428,0.0,,3.571428571428572,3.571428571428572,0.0314285714285714,1.7142857142857142,1.7142857142857142,1.7142857142857142,1.7142857142857142,class,,,6d5cc36526fc371a44397e82ad4be27afd24a109,2021-06-01 15:44:31-05:00,0.24645614344626665
,,,,,,,,,,,,7.0,,,,,,,,,,,,,,,,,,,,,,,,,,,,,,,,,,,,,,,,,,,,,,,,project,7.0,3.0,6d5cc36526fc371a44397e82ad4be27afd24a109,2021-06-01 15:44:31-05:00,0.24645614344626665
,,,,,,,,,,,,,,,,,,,,,,,,,,1.4545454545454546,6.545454545454546,0.6363636363636364,5.909090909090909,1.7272727272727273,3.909090909090909,0.2727272727272727,2.727272727272727,1.0,0.0,3.8181818181818175,4.818181818181818,1.7272727272727273,3.8181818181818175,1.0,1.0,1.0,1.0,0.0,,,,,0.0,,0.0,0.0,,,0.04,1.0,1.0,1.0,1.0,method,,,e2687f3e3189c208bf5a692d4c0f37c4f4ad0ed3,2021-06-01 15:50:12-05:00,0.24645614344626665
1.0,1.0,1.0,1.0,5.285714285714286,0.2857142857142857,4.857142857142857,0.0,1.0,5.571428571428571,4.0,0.0,,0.2857142857142857,0.2857142857142857,,,,1.4285714285714286,0.4285714285714285,1.7142857142857142,14.714285714285714,0.0,0.0,0.0,1.7142857142857142,,17.285714285714285,3.2857142857142856,14.0,6.142857142857143,6.857142857142857,0.5714285714285714,,,,6.857142857142857,9.571428571428571,4.571428571428571,6.428571428571429,,,,,,1.0,1.0,1.0,1.0,,1.1428571428571428,0.0,,3.571428571428572,3.571428571428572,0.0314285714285714,1.7142857142857142,1.7142857142857142,1.7142857142857142,1.7142857142857142,class,,,e2687f3e3189c208bf5a692d4c0f37c4f4ad0ed3,2021-06-01 15:50:12-05:00,0.24645614344626665
,,,,,,,,,,,,7.0,,,,,,,,,,,,,,,,,,,,,,,,,,,,,,,,,,,,,,,,,,,,,,,,project,7.0,3.0,e2687f3e3189c208bf5a692d4c0f37c4f4ad0ed3,2021-06-01 15:50:12-05:00,0.24645614344626665
,,,,,,,,,,,,,,,,,,,,,,,,,,1.4545454545454546,6.545454545454546,0.6363636363636364,5.909090909090909,1.7272727272727273,3.909090909090909,0.2727272727272727,2.727272727272727,1.0,0.0,3.8181818181818175,4.818181818181818,1.7272727272727273,3.8181818181818175,1.0,1.0,1.0,1.0,0.0,,,,,0.0,,0.0,0.0,,,0.04,1.0,1.0,1.0,1.0,method,,,3eadf00a4c6facdfaaae750514fb070026dd9b09,2021-06-04 13:43:13-05:00,0.24645614344626665
1.0,1.0,1.0,1.0,5.285714285714286,0.2857142857142857,4.857142857142857,0.0,1.0,5.571428571428571,4.0,0.0,,0.2857142857142857,0.2857142857142857,,,,1.4285714285714286,0.4285714285714285,1.7142857142857142,14.714285714285714,0.0,0.0,0.0,1.7142857142857142,,17.285714285714285,3.2857142857142856,14.0,6.142857142857143,6.857142857142857,0.5714285714285714,,,,6.857142857142857,9.571428571428571,4.571428571428571,6.428571428571429,,,,,,1.0,1.0,1.0,1.0,,1.1428571428571428,0.0,,3.571428571428572,3.571428571428572,0.0314285714285714,1.7142857142857142,1.7142857142857142,1.7142857142857142,1.7142857142857142,class,,,3eadf00a4c6facdfaaae750514fb070026dd9b09,2021-06-04 13:43:13-05:00,0.24645614344626665
,,,,,,,,,,,,7.0,,,,,,,,,,,,,,,,,,,,,,,,,,,,,,,,,,,,,,,,,,,,,,,,project,7.0,3.0,3eadf00a4c6facdfaaae750514fb070026dd9b09,2021-06-04 13:43:13-05:00,0.24645614344626665
,,,,,,,,,,,,,,,,,,,,,,,,,,1.4545454545454546,6.545454545454546,0.6363636363636364,5.909090909090909,1.7272727272727273,3.909090909090909,0.2727272727272727,2.727272727272727,1.0,0.0,3.8181818181818175,4.818181818181818,1.7272727272727273,3.8181818181818175,1.0,1.0,1.0,1.0,0.0,,,,,0.0,,0.0,0.0,,,0.04,1.0,1.0,1.0,1.0,method,,,ca297ea66cd9d143c74b4b945e63aa2295f1822e,2021-07-15 12:19:56-05:00,0.24645614344626665
1.0,1.0,1.0,1.0,5.285714285714286,0.2857142857142857,4.857142857142857,0.0,1.0,5.571428571428571,4.0,0.0,,0.2857142857142857,0.2857142857142857,,,,1.4285714285714286,0.4285714285714285,1.7142857142857142,14.714285714285714,0.0,0.0,0.0,1.7142857142857142,,17.285714285714285,3.2857142857142856,14.0,6.142857142857143,6.857142857142857,0.5714285714285714,,,,6.857142857142857,9.571428571428571,4.571428571428571,6.428571428571429,,,,,,1.0,1.0,1.0,1.0,,1.1428571428571428,0.0,,3.571428571428572,3.571428571428572,0.0314285714285714,1.7142857142857142,1.7142857142857142,1.7142857142857142,1.7142857142857142,class,,,ca297ea66cd9d143c74b4b945e63aa2295f1822e,2021-07-15 12:19:56-05:00,0.24645614344626665
,,,,,,,,,,,,7.0,,,,,,,,,,,,,,,,,,,,,,,,,,,,,,,,,,,,,,,,,,,,,,,,project,7.0,3.0,ca297ea66cd9d143c74b4b945e63aa2295f1822e,2021-07-15 12:19:56-05:00,0.24645614344626665
